Algorithm: Greedy Vertex Coloring
Vertex colors:
0 1
1 0
2 1
3 0
4 1
5 0
6 1
7 2
8 0
9 2
10 1
11 0
12 1
13 0
14 2
15 1
16 0
17 1
18 2
19 1
20 2
21 0
22 1
23 3
24 2
25 0
26 1
27 2
28 0
29 1
30 0
31 1
32 0
33 3
34 1
35 2
36 1
37 0
38 1
39 2
40 3
41 1
42 0
43 2
44 1
45 2
46 0
47 2
48 1
49 2
50 1
51 2
52 0
53 2
54 0
55 1
56 2
57 1
58 0
59 1
60 2
61 0
62 1
63 0
64 1
65 0
66 2
67 1
68 2
69 0
70 1
71 2
72 1
73 0
74 2
75 1
76 0
77 2
78 0
79 2
80 1
81 0
82 1
83 0
84 1
85 2
86 0
87 1
88 0
89 2
90 0
91 2
92 0
93 1
94 2
95 0
96 1
97 2
98 0
99 3
100 0
101 2
102 0
103 2
104 1
105 0
106 1
107 2
108 1
109 2
110 3
111 1
112 0
113 2
114 1
115 0
116 1
117 0
118 1
119 2
120 0
121 2
122 1
123 2
124 0
125 2
126 0
127 1
128 2
129 3
130 1
131 3
132 0
133 1
134 0
135 2
136 0
137 1
138 2
139 0
140 2
141 1
142 2
143 0
144 1
145 0
146 1
147 0
148 1
149 2
150 1
151 2
152 0
153 1
154 2
155 0
156 3
157 1
158 2
159 0
160 1
161 2
162 1
163 0
164 1
165 0
166 1
167 0
168 2
169 0
170 2
171 1
172 0
173 2
174 0
175 1
176 0
177 2
178 1
179 0
180 1
181 2
182 0
183 2
184 1
185 0
186 2
187 0
188 1
189 2
190 0
191 2
192 1
193 2
194 1
195 0
196 1
197 2
198 0
199 1
200 0
201 1
202 2
203 0
204 2
205 1
206 0
207 1
208 0
209 1
210 0
211 2
212 0
213 1
214 3
215 2
216 0
217 1
218 2
219 0
220 1
221 0
222 2
223 1
224 0
225 1
226 2
227 1
228 0
229 1
230 0
231 2
232 1
233 2
234 0
235 1
236 0
237 1
238 0
239 1
240 0
241 2
242 1
243 2
244 0
245 3
246 2
247 0
248 1
249 0
250 2
251 0
252 2
253 0
254 1
255 2
256 0
257 1
258 0
259 1
260 0
261 1
262 0
263 1
264 2
265 0
266 2
267 1
268 2
269 0
270 1
271 0
272 2
273 0
274 1
275 0
276 1
277 2
278 0
279 1
280 0
281 1
282 3
283 2
284 1
285 0
286 1
287 2
288 0
289 1
290 0
291 2
292 1
293 2
294 1
295 0
296 1
297 3
298 0
299 2
300 0
301 1
302 2
303 0
304 1
305 0
306 2
307 0
308 1
309 2
310 0
311 1
312 0
313 2
314 1
315 0
316 1
317 0
318 2
319 0
320 1
321 0
322 2
323 1
324 0
325 2
326 0
327 1
328 0
329 2
330 1
331 2
332 3
333 1
334 0
335 2
336 0
337 1
338 0
339 2
340 1
341 0
342 2
343 0
344 1
345 2
346 0
347 2
348 0
349 1
350 2
351 1
352 0
353 2
354 1
355 2
356 1
357 0
358 1
359 2
360 1
361 0
362 1
363 2
364 0
365 2
366 1
367 0
368 1
369 2
370 0
371 2
372 1
373 0
374 2
375 1
376 2
377 0
378 1
379 0
380 1
381 2
382 0
383 1
384 0
385 2
386 0
387 1
388 0
389 1
390 2
391 0
392 1
393 0
394 1
395 2
396 0
397 2
398 0
399 1
400 2
401 0
402 1
403 2
404 0
405 3
406 1
407 2
408 0
409 1
410 0
411 1
412 0
413 2
414 0
415 2
416 0
417 1
418 0
419 1
420 2
421 1
422 0
423 1
424 0
425 1
426 0
427 2
428 0
429 1
430 0
431 1
432 2
433 0
434 1
435 0
436 1
437 2
438 0
439 1
440 2
441 1
442 0
443 1
444 0
445 2
446 1
447 0
448 1
449 0
450 1
451 2
452 0
453 2
454 0
455 1
456 2
457 0
458 1
459 2
460 1
461 2
462 1
463 2
464 1
465 0
466 1
467 2
468 1
469 2
470 1
471 2
472 0
473 1
474 0
475 2
476 1
477 2
478 3
479 0
480 1
481 0
482 1
483 0
484 1
485 0
486 1
487 0
488 1
489 0
490 1
491 0
492 1
493 2
494 1
495 0
496 1
497 0
498 1
499 2
500 0
501 1
502 2
503 1
504 2
505 0
506 1
507 2
508 1
509 2
510 0
511 1
512 2
513 1
514 0
515 1
516 0
517 1
518 0
519 2
520 1
521 0
522 1
523 2
524 0
525 1
526 0
527 2
528 1
529 0
530 1
531 0
532 1
533 2
534 1
535 2
536 0
537 2
538 1
539 2
540 0
541 1
542 2
543 0
544 2
545 3
546 1
547 0
548 2
549 1
550 2
551 0
552 2
553 1
554 0
555 2
556 0
557 2
558 0
559 1
560 0
561 2
562 0
563 1
564 2
565 0
566 1
567 3
568 2
569 0
570 1
571 2
572 3
573 0
574 2
575 0
576 1
577 0
578 2
579 1
580 2
581 0
582 1
583 0
584 2
585 0
586 1
587 2
588 0
589 1
590 2
591 1
592 0
593 3
594 0
595 1
596 0
597 1
598 0
599 1
600 2
601 0
602 1
603 0
604 1
605 0
606 1
607 2
608 3
609 0
610 1
611 2
612 0
613 2
614 1
615 2
616 1
617 0
618 1
619 2
620 1
621 0
622 1
623 0
624 2
625 1
626 0
627 2
628 0
629 2
630 0
631 2
632 0
633 1
634 0
635 1
636 0
637 1
638 0
639 2
640 1
641 2
642 0
643 1
644 0
645 1
646 0
647 2
648 1
649 0
650 1
651 0
652 1
653 0
654 2
655 0
656 1
657 2
658 1
659 2
660 0
661 1
662 0
663 2
664 1
665 0
666 1
667 0
668 1
669 3
670 2
671 1
672 0
673 2
674 1
675 0
676 2
677 0
678 1
679 2
680 1
681 2
682 0
683 1
684 0
685 2
686 1
687 0
688 1
689 2
690 1
691 0
692 2
693 3
694 0
695 1
696 0
697 1
698 0
699 3
700 0
701 2
702 1
703 0
704 1
705 0
706 1
707 0
708 1
709 0
710 1
711 2
712 0
713 1
714 2
715 0
716 1
717 0
718 1
719 0
720 2
721 0
722 1
723 2
724 1
725 0
726 1
727 2
728 1
729 2
730 0
731 1
732 0
733 1
734 2
735 3
736 0
737 1
738 0
739 1
740 2
741 0
742 1
743 3
744 0
745 1
746 0
747 2
748 1
749 2
750 0
751 1
752 0
753 2
754 3
755 0
756 1
757 0
758 1
759 0
760 2
761 0
762 2
763 1
764 0
765 1
766 0
767 2
768 0
769 1
770 0
771 1
772 0
773 1
774 0
775 3
776 1
777 0
778 1
779 2
780 0
781 1
782 0
783 1
784 0
785 1
786 0
787 2
788 1
789 2
790 0
791 2
792 0
793 1
794 0
795 3
796 2
797 0
798 1
799 0
800 1
801 0
802 1
803 2
804 0
805 1
806 2
807 0
808 1
809 2
810 0
811 2
812 0
813 1
814 0
815 1
816 2
817 3
818 0
819 1
820 2
821 0
822 1
823 0
824 1
825 0
826 1
827 2
828 0
829 2
830 1
831 2
832 0
833 2
834 0
835 2
836 0
837 2
838 1
839 2
840 1
841 2
842 0
843 2
844 0
845 1
846 2
847 0
848 2
849 3
850 2
851 0
852 1
853 0
854 1
855 0
856 1
857 0
858 1
859 2
860 1
861 0
862 1
863 0
864 3
865 1
866 0
867 1
868 0
869 2
870 0
871 1
872 0
873 1
874 0
875 2
876 1
877 0
878 2
879 0
880 1
881 0
882 1
883 2
884 1
885 2
886 1
887 0
888 2
889 1
890 0
891 2
892 0
893 1
894 0
895 2
896 1
897 0
898 1
899 0
900 1
901 2
902 0
903 1
904 2
905 1
906 0
907 1
908 3
909 0
910 1
911 0
912 2
913 1
914 2
915 0
916 2
917 0
918 1
919 0
920 1
921 2
922 0
923 1
924 0
925 1
926 0
927 2
928 1
929 0
930 2
931 1
932 2
933 0
934 1
935 0
936 2
937 3
938 1
939 0
940 1
941 0
942 1
943 2
944 1
945 0
946 1
947 2
948 0
949 1
950 0
951 1
952 0
953 2
954 0
955 1
956 0
957 2
958 1
959 2
960 0
961 1
962 2
963 1
964 2
965 0
966 1
967 0
968 1
969 2
970 0
971 2
972 0
973 1
974 0
975 1
976 0
977 1
978 2
979 0
980 3
981 1
982 0
983 2
984 1
985 0
986 1
987 2
988 0
989 1
990 0
991 2
992 1
993 0
994 2
995 1
996 0
997 2
998 1
999 0
1000 1
1001 0
1002 2
1003 1
1004 0
1005 1
1006 0
1007 1
1008 2
1009 1
1010 2
1011 1
1012 0
1013 1
1014 2
1015 0
1016 2
1017 1
1018 0
1019 1
1020 0
1021 1
1022 2
1023 0
1024 1
1025 0
1026 1
1027 0
1028 2
1029 0
1030 1
1031 2
1032 3
1033 1
1034 0
1035 1
1036 2
1037 0
1038 1
1039 2
1040 1
1041 0
1042 2
1043 1
1044 0
1045 1
1046 2
1047 0
1048 1
1049 0
1050 2
1051 1
1052 0
1053 1
1054 0
1055 1
1056 0
1057 1
1058 0
1059 2
1060 1
1061 2
1062 0
1063 2
1064 1
1065 0
1066 1
1067 0
1068 1
1069 0
1070 1
1071 0
1072 2
1073 1
1074 0
1075 1
1076 0
1077 1
1078 0
1079 1
1080 2
1081 1
1082 0
1083 1
1084 2
1085 3
1086 1
1087 2
1088 0
1089 1
1090 0
1091 1
1092 0
1093 2
1094 1
1095 0
1096 2
1097 0
1098 2
1099 1
1100 0
1101 1
1102 2
1103 0
1104 1
1105 0
1106 1
1107 0
1108 1
1109 0
1110 1
1111 2
1112 1
1113 0
1114 1
1115 0
1116 1
1117 2
1118 0
1119 1
1120 2
1121 0
1122 1
1123 0
1124 2
1125 3
1126 1
1127 2
1128 0
1129 1
1130 0
1131 1
1132 2
1133 0
1134 1
1135 0
1136 2
1137 1
1138 0
1139 2
1140 0
1141 2
1142 0
1143 2
1144 1
1145 0
1146 1
1147 0
1148 1
1149 0
1150 2
1151 1
1152 2
1153 1
1154 2
1155 1
1156 2
1157 0
1158 2
1159 1
1160 0
1161 1
1162 0
1163 1
1164 0
1165 1
1166 2
1167 1
1168 0
1169 2
1170 1
1171 0
1172 1
1173 0
1174 1
1175 0
1176 1
1177 0
1178 2
1179 0
1180 1
1181 2
1182 0
1183 1
1184 0
1185 1
1186 2
1187 0
1188 2
1189 0
1190 1
1191 0
1192 1
1193 2
1194 0
1195 1
1196 0
1197 1
1198 0
1199 2
1200 1
1201 0
1202 1
1203 0
1204 1
1205 2
1206 1
1207 2
1208 3
1209 1
1210 0
1211 2
1212 1
1213 0
1214 1
1215 2
1216 0
1217 2
1218 1
1219 0
1220 1
1221 0
1222 1
1223 2
1224 1
1225 0
1226 2
1227 1
1228 0
1229 1
1230 2
1231 0
1232 2
1233 0
1234 1
1235 2
1236 0
1237 1
1238 2
1239 0
1240 3
1241 1
1242 0
1243 2
1244 1
1245 3
1246 2
1247 3
1248 0
1249 1
1250 2
1251 1
1252 2
1253 3
1254 0
1255 2
1256 1
1257 0
1258 2
1259 1
1260 0
1261 1
1262 2
1263 0
1264 2
1265 1
1266 2
1267 0
1268 1
1269 2
1270 0
1271 1
1272 0
1273 2
1274 0
1275 1
1276 2
1277 0
1278 1
1279 0
1280 1
1281 0
1282 1
1283 2
1284 0
1285 2
1286 1
1287 0
1288 1
1289 0
1290 1
1291 0
1292 1
1293 0
1294 2
1295 1
1296 2
1297 0
1298 1
1299 0
1300 1
1301 2
1302 1
1303 0
1304 1
1305 0
1306 2
1307 1
1308 2
1309 1
1310 0
1311 2
1312 1
1313 0
1314 2
1315 1
1316 0
1317 2
1318 0
1319 1
1320 0
1321 1
1322 0
1323 1
1324 0
1325 1
1326 2
1327 1
1328 0
1329 1
1330 2
1331 0
1332 1
1333 2
1334 0
1335 1
1336 0
1337 2
1338 1
1339 0
1340 1
1341 0
1342 3
1343 0
1344 1
1345 2
1346 0
1347 1
1348 2
1349 0
1350 1
1351 3
1352 2
1353 1
1354 0
1355 3
1356 1
1357 0
1358 3
1359 2
1360 1
1361 2
1362 1
1363 2
1364 0
1365 1
1366 2
1367 1
1368 0
1369 3
1370 1
1371 2
1372 0
1373 1
1374 2
1375 0
1376 2
1377 0
1378 1
1379 0
1380 2
1381 1
1382 0
1383 2
1384 3
1385 0
1386 2
1387 0
1388 1
1389 2
1390 0
1391 2
1392 0
1393 1
1394 0
1395 2
1396 0
1397 1
1398 0
1399 1
1400 2
1401 0
1402 1
1403 0
1404 2
1405 0
1406 1
1407 3
1408 0
1409 1
1410 0
1411 1
1412 0
1413 1
1414 2
1415 0
1416 1
1417 0
1418 1
1419 0
1420 2
1421 1
1422 0
1423 1
1424 0
1425 1
1426 0
1427 1
1428 2
1429 0
1430 1
1431 2
1432 1
1433 0
1434 1
1435 0
1436 1
1437 2
1438 1
1439 0
1440 1
1441 2
1442 0
1443 1
1444 0
1445 2
1446 0
1447 1
1448 0
1449 1
1450 0
1451 1
1452 0
1453 1
1454 0
1455 1
1456 0
1457 1
1458 0
1459 1
1460 2
1461 0
1462 2
1463 1
1464 2
1465 0
1466 1
1467 2
1468 0
1469 1
1470 2
1471 0
1472 1
1473 0
1474 1
1475 0
1476 3
1477 1
1478 0
1479 1
1480 0
1481 1
1482 0
1483 2
1484 0
1485 1
1486 0
1487 1
1488 0
1489 1
1490 2
1491 0
1492 1
1493 0
1494 1
1495 0
1496 1
1497 0
1498 2
1499 0
1500 2
1501 1
1502 0
1503 1
1504 2
1505 0
1506 3
1507 1
1508 2
1509 1
1510 0
1511 1
1512 2
1513 1
1514 0
1515 2
1516 1
1517 0
1518 1
1519 2
1520 0
1521 2
1522 1
1523 0
1524 2
1525 0
1526 2
1527 1
1528 2
1529 1
1530 0
1531 1
1532 0
1533 1
1534 0
1535 1
1536 2
1537 1
1538 2
1539 0
1540 1
1541 2
1542 0
1543 1
1544 2
1545 3
1546 1
1547 0
1548 2
1549 0
1550 2
1551 1
1552 2
1553 0
1554 2
1555 1
1556 2
1557 1
1558 0
1559 2
1560 1
1561 0
1562 1
1563 2
1564 1
1565 2
1566 3
1567 0
1568 2
1569 1
1570 0
1571 2
1572 0
1573 1
1574 0
1575 2
1576 3
1577 1
1578 2
1579 1
1580 0
1581 2
1582 1
1583 2
1584 0
1585 1
1586 2
1587 0
1588 1
1589 2
1590 0
1591 1
1592 2
1593 3
1594 0
1595 2
1596 1
1597 0
1598 1
1599 0
1600 1
1601 0
1602 1
1603 0
1604 2
1605 0
1606 1
1607 0
1608 1
1609 2
1610 0
1611 1
1612 2
1613 0
1614 1
1615 0
1616 1
1617 2
1618 0
1619 2
1620 3
1621 1
1622 0
1623 1
1624 2
1625 0
1626 2
1627 1
1628 0
1629 1
1630 0
1631 2
1632 0
1633 1
1634 0
1635 3
1636 4
1637 0
1638 2
1639 1
1640 2
1641 0
1642 1
1643 0
1644 2
1645 0
1646 2
1647 1
1648 3
1649 2
1650 0
1651 1
1652 0
1653 2
1654 1
1655 0
1656 1
1657 2
1658 0
1659 1
1660 0
1661 2
1662 1
1663 0
1664 2
1665 0
1666 1
1667 2
1668 1
1669 0
1670 1
1671 3
1672 0
1673 2
1674 1
1675 0
1676 2
1677 0
1678 1
1679 0
1680 1
1681 0
1682 1
1683 2
1684 0
1685 2
1686 1
1687 3
1688 0
1689 1
1690 0
1691 1
1692 2
1693 1
1694 0
1695 2
1696 1
1697 0
1698 1
1699 2
1700 1
1701 2
1702 0
1703 1
1704 2
1705 1
1706 2
1707 0
1708 1
1709 2
1710 0
1711 1
1712 0
1713 2
1714 0
1715 1
1716 0
1717 1
1718 0
1719 2
1720 0
1721 1
1722 0
1723 2
1724 0
1725 1
1726 0
1727 2
1728 0
1729 2
1730 0
1731 1
1732 2
1733 0
1734 1
1735 0
1736 1
1737 3
1738 0
1739 1
1740 0
1741 2
1742 1
1743 0
1744 2
1745 1
1746 2
1747 0
1748 2
1749 1
1750 2
1751 1
1752 0
1753 1
1754 2
1755 0
1756 1
1757 0
1758 1
1759 0
1760 2
1761 1
1762 0
1763 1
1764 3
1765 2
1766 0
1767 1
1768 2
1769 0
1770 2
1771 0
1772 2
1773 0
1774 1
1775 2
1776 1
1777 2
1778 0
1779 1
1780 0
1781 1
1782 2
1783 0
1784 1
1785 2
1786 0
1787 2
1788 3
1789 1
1790 2
1791 3
1792 1
1793 2
1794 0
1795 1
1796 2
1797 0
1798 1
1799 0
1800 1
1801 2
1802 1
1803 0
1804 1
1805 0
1806 1
1807 2
1808 1
1809 2
1810 0
1811 2
1812 1
1813 0
1814 1
1815 2
1816 0
1817 1
1818 0
1819 1
1820 2
1821 0
1822 2
1823 0
1824 2
1825 0
1826 1
1827 2
1828 1
1829 2
1830 3
1831 0
1832 1
1833 2
1834 0
1835 1
1836 0
1837 3
1838 0
1839 3
1840 0
1841 1
1842 0
1843 2
1844 1
1845 3
1846 0
1847 2
1848 1
1849 0
1850 3
1851 0
1852 2
1853 0
1854 1
1855 0
1856 1
1857 2
1858 0
1859 1
1860 0
1861 1
1862 0
1863 1
1864 0
1865 2
1866 3
1867 0
1868 1
1869 0
1870 1
1871 0
1872 1
1873 0
1874 2
1875 0
1876 1
1877 0
1878 1
1879 2
1880 3
1881 0
1882 2
1883 1
1884 0
1885 1
1886 2
1887 0
1888 1
1889 2
1890 0
1891 1
1892 0
1893 1
1894 2
1895 0
1896 1
1897 2
1898 0
1899 3
1900 0
1901 2
1902 1
1903 0
1904 1
1905 0
1906 1
1907 3
1908 0
1909 1
1910 2
1911 0
1912 1
1913 0
1914 1
1915 0
1916 1
1917 2
1918 0
1919 1
1920 2
1921 0
1922 1
1923 2
1924 1
1925 0
1926 1
1927 0
1928 1
1929 2
1930 1
1931 3
1932 2
1933 1
1934 0
1935 3
1936 2
1937 0
1938 1
1939 3
1940 0
1941 1
1942 0
1943 1
1944 0
1945 2
1946 0
1947 1
1948 0
1949 1
1950 0
1951 2
1952 0
1953 1
1954 2
1955 0
1956 1
1957 2
1958 0
1959 2
1960 1
1961 0
1962 1
1963 0
1964 1
1965 0
1966 1
1967 0
1968 2
1969 1
1970 0
1971 3
1972 1
1973 0
1974 1
1975 3
1976 2
1977 0
1978 1
1979 0
1980 2
1981 0
1982 2
1983 1
1984 0
1985 1
1986 0
1987 2
1988 0
1989 2
1990 0
1991 2
1992 0
1993 2
1994 0
1995 2
1996 1
1997 2
1998 1
1999 2
2000 1
2001 0
2002 1
2003 2
2004 0
2005 1
2006 2
2007 1
2008 0
2009 1
2010 0
2011 1
2012 0
2013 1
2014 0
2015 1
2016 0
2017 1
2018 0
2019 2
2020 1
2021 2
2022 1
2023 0
2024 1
2025 0
2026 1
2027 0
2028 3
2029 2
2030 0
2031 1
2032 0
2033 1
2034 0
2035 1
2036 2
2037 0
2038 2
2039 0
2040 1
2041 2
2042 1
2043 2
2044 0
2045 1
2046 0
2047 1
2048 2
2049 1
2050 0
2051 1
2052 0
2053 1
2054 0
2055 1
2056 0
2057 2
2058 3
2059 0
2060 2
2061 1
2062 2
2063 0
2064 1
2065 2
2066 0
2067 1
2068 0
2069 1
2070 3
2071 0
2072 1
2073 2
2074 0
2075 1
2076 2
2077 1
2078 2
2079 1
2080 0
2081 2
2082 1
2083 0
2084 1
2085 0
2086 1
2087 0
2088 1
2089 3
2090 1
2091 0
2092 1
2093 2
2094 0
2095 2
2096 1
2097 0
2098 1
2099 0
2100 2
2101 0
2102 1
2103 0
2104 1
2105 0
2106 1
2107 0
2108 2
2109 1
2110 2
2111 0
2112 2
2113 3
2114 1
2115 0
2116 1
2117 0
2118 1
2119 2
2120 0
2121 2
2122 0
2123 1
2124 0
2125 1
2126 0
2127 2
2128 0
2129 2
2130 0
2131 1
2132 0
2133 2
2134 1
2135 0
2136 2
2137 1
2138 3
2139 2
2140 1
2141 0
2142 1
2143 0
2144 2
2145 1
2146 0
2147 1
2148 0
2149 1
2150 0
2151 1
2152 2
2153 1
2154 0
2155 1
2156 0
2157 2
2158 0
2159 2
2160 0
2161 2
2162 1
2163 0
2164 2
2165 0
2166 1
2167 0
2168 2
2169 1
2170 2
2171 0
2172 2
2173 1
2174 2
2175 0
2176 1
2177 2
2178 1
2179 2
2180 0
2181 2
2182 1
2183 3
2184 2
2185 1
2186 0
2187 1
2188 0
2189 1
2190 2
2191 1
2192 0
2193 1
2194 0
2195 1
2196 0
2197 1
2198 0
2199 2
2200 1
2201 2
2202 1
2203 0
2204 1
2205 0
2206 1
2207 2
2208 1
2209 2
2210 1
2211 0
2212 2
2213 1
2214 0
2215 2
2216 0
2217 2
2218 0
2219 1
2220 0
2221 1
2222 2
2223 0
2224 1
2225 2
2226 1
2227 0
2228 2
2229 1
2230 0
2231 2
2232 0
2233 1
2234 2
2235 0
2236 1
2237 2
2238 0
2239 2
2240 0
2241 2
2242 0
2243 2
2244 1
2245 2
2246 1
2247 0
2248 1
2249 2
2250 1
2251 2
2252 0
2253 1
2254 0
2255 1
2256 2
2257 1
2258 2
2259 0
2260 1
2261 0
2262 2
2263 1
2264 0
2265 1
2266 0
2267 1
2268 0
2269 2
2270 1
2271 0
2272 2
2273 0
2274 1
2275 0
2276 2
2277 1
2278 2
2279 0
2280 1
2281 3
2282 0
2283 1
2284 0
2285 1
2286 0
2287 2
2288 4
2289 3
2290 0
2291 3
2292 1
2293 0
2294 2
2295 1
2296 2
2297 0
2298 1
2299 2
2300 0
2301 2
2302 1
2303 0
2304 1
2305 0
2306 1
2307 0
2308 1
2309 0
2310 2
2311 1
2312 0
2313 1
2314 2
2315 0
2316 1
2317 2
2318 1
2319 0
2320 1
2321 0
2322 1
2323 0
2324 1
2325 0
2326 2
2327 1
2328 0
2329 1
2330 2
2331 0
2332 1
2333 2
2334 1
2335 0
2336 1
2337 0
2338 1
2339 0
2340 2
2341 1
2342 0
2343 1
2344 0
2345 1
2346 0
2347 1
2348 0
2349 2
2350 0
2351 2
2352 1
2353 2
2354 3
2355 0
2356 2
2357 0
2358 2
2359 3
2360 0
2361 1
2362 2
2363 0
2364 1
2365 2
2366 1
2367 2
2368 0
2369 2
2370 1
2371 0
2372 3
2373 1
2374 2
2375 3
2376 1
2377 3
2378 0
2379 1
2380 2
2381 1
2382 2
2383 0
2384 1
2385 0
2386 2
2387 1
2388 0
2389 2
2390 1
2391 2
2392 0
2393 1
2394 0
2395 2
2396 1
2397 0
2398 1
2399 0
2400 1
2401 2
2402 1
2403 0
2404 2
2405 0
2406 1
2407 2
2408 0
2409 1
2410 0
2411 2
2412 3
2413 0
2414 2
2415 3
2416 1
2417 0
2418 1
2419 0
2420 2
2421 1
2422 3
2423 2
2424 0
2425 1
2426 0
2427 2
2428 0
2429 1
2430 2
2431 0
2432 2
2433 1
2434 3
2435 1
2436 2
2437 0
2438 1
2439 2
2440 1
2441 2
2442 1
2443 2
2444 1
2445 0
2446 2
2447 1
2448 2
2449 1
2450 0
2451 1
2452 2
2453 0
2454 1
2455 2
2456 1
2457 0
2458 1
2459 0
2460 2
2461 0
2462 2
2463 0
2464 2
2465 1
2466 0
2467 1
2468 2
2469 1
2470 0
2471 1
2472 0
2473 1
2474 0
2475 2
2476 0
2477 2
2478 1
2479 0
2480 2
2481 1
2482 0
2483 2
2484 1
2485 2
2486 1
2487 2
2488 0
2489 1
2490 0
2491 2
2492 0
2493 3
2494 0
2495 1
2496 2
2497 0
2498 1
2499 2
2500 0
2501 2
2502 0
2503 2
2504 0
2505 2
2506 0
2507 2
2508 1
2509 0
2510 1
2511 2
2512 0
2513 1
2514 2
2515 1
2516 0
2517 1
2518 0
2519 2
2520 0
2521 2
2522 1
2523 2
2524 1
2525 0
2526 3
2527 1
2528 0
2529 2
2530 1
2531 0
2532 1
2533 2
2534 0
2535 1
2536 0
2537 2
2538 1
2539 0
2540 1
2541 2
2542 0
2543 1
2544 2
2545 3
2546 1
2547 2
2548 0
2549 2
2550 0
2551 1
2552 0
2553 1
2554 0
2555 1
2556 2
2557 1
2558 2
2559 0
2560 3
2561 1
2562 2
2563 1
2564 2
2565 0
2566 1
2567 2
2568 0
2569 1
2570 0
2571 1
2572 2
2573 0
2574 2
2575 0
2576 2
2577 0
2578 1
2579 2
2580 0
2581 2
2582 1
2583 0
2584 1
2585 0
2586 1
2587 2
2588 0
2589 1
2590 0
2591 2
2592 1
2593 2
2594 1
2595 2
2596 0
2597 2
2598 0
2599 2
2600 0
2601 1
2602 0
2603 1
2604 0
2605 2
2606 3
2607 0
2608 2
2609 0
2610 2
2611 0
2612 1
2613 2
2614 0
2615 2
2616 1
2617 0
2618 1
2619 0
2620 1
2621 2
2622 1
2623 0
2624 1
2625 0
2626 2
2627 1
2628 0
2629 2
2630 1
2631 0
2632 2
2633 1
2634 2
2635 0
2636 1
2637 2
2638 1
2639 2
2640 1
2641 0
2642 1
2643 0
2644 1
2645 0
2646 1
2647 0
2648 1
2649 2
2650 0
2651 3
2652 1
2653 0
2654 2
2655 1
2656 2
2657 0
2658 2
2659 1
2660 2
2661 0
2662 2
2663 1
2664 3
2665 0
2666 2
2667 0
2668 1
2669 2
2670 1
2671 0
2672 1
2673 0
2674 1
2675 0
2676 2
2677 0
2678 2
2679 0
2680 1
2681 0
2682 2
2683 0
2684 1
2685 2
2686 0
2687 1
2688 0
2689 1
2690 0
2691 1
2692 2
2693 1
2694 0
2695 1
2696 0
2697 1
2698 0
2699 2
2700 1
2701 2
2702 3
2703 0
2704 2
2705 0
2706 1
2707 0
2708 1
2709 0
2710 1
2711 0
2712 2
2713 0
2714 1
2715 0
2716 1
2717 0
2718 2
2719 1
2720 0
2721 1
2722 0
2723 1
2724 2
2725 0
2726 1
2727 0
2728 1
2729 0
2730 2
2731 0
2732 3
2733 2
2734 0
2735 1
2736 0
2737 2
2738 0
2739 1
2740 0
2741 1
2742 2
2743 0
2744 2
2745 1
2746 2
2747 0
2748 1
2749 0
2750 1
2751 2
2752 0
2753 2
2754 1
2755 0
2756 2
2757 1
2758 0
2759 1
2760 2
2761 0
2762 1
2763 0
2764 1
2765 0
2766 1
2767 0
2768 2
2769 1
2770 0
2771 1
2772 0
2773 2
2774 1
2775 0
2776 1
2777 0
2778 3
2779 2
2780 1
2781 2
2782 1
2783 0
2784 1
2785 2
2786 1
2787 2
2788 0
2789 1
2790 0
2791 2
2792 1
2793 3
2794 2
2795 0
2796 1
2797 0
2798 2
2799 1
2800 2
2801 1
2802 2
2803 0
2804 1
2805 0
2806 1
2807 0
2808 1
2809 0
2810 1
2811 2
2812 1
2813 2
2814 1
2815 0
2816 1
2817 0
2818 1
2819 0
2820 1
2821 3
2822 2
2823 3
2824 1
2825 0
2826 1
2827 0
2828 2
2829 1
2830 0
2831 1
2832 0
2833 1
2834 0
2835 2
2836 1
2837 2
2838 1
2839 0
2840 3
2841 2
2842 1
2843 2
2844 0
2845 1
2846 0
2847 2
2848 0
2849 1
2850 3
2851 0
2852 2
2853 1
2854 2
2855 1
2856 0
2857 1
2858 0
2859 2
2860 1
2861 0
2862 2
2863 0
2864 1
2865 0
2866 1
2867 0
2868 1
2869 0
2870 1
2871 3
2872 2
2873 0
2874 2
2875 1
2876 2
2877 1
2878 2
2879 0
2880 1
2881 2
2882 0
2883 2
2884 1
2885 0
2886 1
2887 3
2888 2
2889 1
2890 0
2891 1
2892 0
2893 2
2894 1
2895 2
2896 0
2897 1
2898 2
2899 1
2900 2
2901 0
2902 2
2903 1
2904 0
2905 1
2906 0
2907 1
2908 0
2909 2
2910 1
2911 0
2912 1
2913 2
2914 1
2915 2
2916 0
2917 2
2918 0
2919 2
2920 1
2921 2
2922 3
2923 0
2924 1
2925 0
2926 1
2927 0
2928 1
2929 2
2930 0
2931 2
2932 0
2933 2
2934 1
2935 0
2936 1
2937 2
2938 0
2939 1
2940 0
2941 1
2942 0
2943 2
2944 1
2945 0
2946 1
2947 0
2948 1
2949 3
2950 0
2951 1
2952 0
2953 2
2954 0
2955 1
2956 0
2957 2
2958 1
2959 2
2960 1
2961 0
2962 1
2963 2
2964 0
2965 1
2966 0
2967 1
2968 0
2969 2
2970 1
2971 2
2972 0
2973 1
2974 2
2975 1
2976 2
2977 0
2978 3
2979 1
2980 0
2981 2
2982 0
2983 2
2984 1
2985 2
2986 0
2987 2
2988 1
2989 3
2990 2
2991 1
2992 2
2993 0
2994 1
2995 0
2996 2
2997 0
2998 2
2999 1
3000 2
3001 0
3002 2
3003 1
3004 2
3005 0
3006 1
3007 0
3008 1
3009 2
3010 0
3011 1
3012 2
3013 0
3014 1
3015 0
3016 1
3017 0
3018 1
3019 2
3020 3
3021 0
3022 1
3023 2
3024 3
3025 1
3026 2
3027 0
3028 1
3029 2
3030 1
3031 2
3032 1
3033 2
3034 0
3035 1
3036 2
3037 1
3038 0
3039 1
3040 2
3041 1
3042 2
3043 0
3044 2
3045 1
3046 2
3047 0
3048 1
3049 2
3050 1
3051 0
3052 1
3053 2
3054 0
3055 1
3056 2
3057 1
3058 0
3059 1
3060 0
3061 2
3062 1
3063 2
3064 1
3065 0
3066 1
3067 0
3068 2
3069 1
3070 0
3071 1
3072 0
3073 1
3074 2
3075 0
3076 1
3077 0
3078 2
3079 0
3080 2
3081 0
3082 1
3083 0
3084 1
3085 2
3086 0
3087 1
3088 0
3089 2
3090 3
3091 2
3092 1
3093 0
3094 1
3095 2
3096 1
3097 0
3098 1
3099 2
3100 0
3101 1
3102 0
3103 1
3104 0
3105 1
3106 2
3107 1
3108 0
3109 1
3110 0
3111 1
3112 0
3113 1
3114 2
3115 1
3116 3
3117 0
3118 1
3119 0
3120 2
3121 1
3122 0
3123 1
3124 0
3125 2
3126 1
3127 0
3128 3
3129 1
3130 0
3131 2
3132 1
3133 2
3134 1
3135 0
3136 2
3137 0
3138 2
3139 0
3140 3
3141 0
3142 2
3143 3
3144 2
3145 1
3146 0
3147 1
3148 0
3149 2
3150 0
3151 2
3152 0
3153 2
3154 1
3155 0
3156 2
3157 0
3158 1
3159 0
3160 1
3161 0
3162 2
3163 3
3164 0
3165 2
3166 1
3167 0
3168 2
3169 1
3170 0
3171 3
3172 1
3173 0
3174 1
3175 2
3176 1
3177 0
3178 1
3179 2
3180 1
3181 2
3182 0
3183 1
3184 2
3185 0
3186 1
3187 0
3188 1
3189 0
3190 1
3191 2
3192 0
3193 2
3194 1
3195 2
3196 3
3197 1
3198 0
3199 1
3200 2
3201 1
3202 2
3203 1
3204 0
3205 1
3206 2
3207 1
3208 0
3209 2
3210 1
3211 2
3212 0
3213 1
3214 0
3215 1
3216 0
3217 2
3218 0
3219 2
3220 1
3221 2
3222 1
3223 0
3224 3
3225 2
3226 1
3227 0
3228 2
3229 1
3230 0
3231 3
3232 0
3233 2
3234 1
3235 0
3236 1
3237 0
3238 1
3239 0
3240 2
3241 1
3242 0
3243 1
3244 0
3245 1
3246 0
3247 1
3248 0
3249 2
3250 0
3251 2
3252 1
3253 2
3254 0
3255 2
3256 1
3257 2
3258 1
3259 0
3260 2
3261 1
3262 2
3263 0
3264 1
3265 3
3266 0
3267 1
3268 2
3269 0
3270 1
3271 2
3272 1
3273 3
3274 1
3275 0
3276 1
3277 2
3278 1
3279 2
3280 0
3281 3
3282 2
3283 0
3284 2
3285 1
3286 0
3287 1
3288 0
3289 1
3290 0
3291 1
3292 0
3293 2
3294 1
3295 3
3296 2
3297 1
3298 2
3299 0
3300 1
3301 0
3302 1
3303 0
3304 2
3305 1
3306 0
3307 1
3308 0
3309 2
3310 1
3311 0
3312 2
3313 1
3314 0
3315 2
3316 3
3317 1
3318 0
3319 2
3320 0
3321 1
3322 0
3323 3
3324 1
3325 2
3326 1
3327 0
3328 2
3329 1
3330 0
3331 1
3332 0
3333 2
3334 3
3335 0
3336 2
3337 1
3338 0
3339 1
3340 0
3341 1
3342 0
3343 1
3344 0
3345 1
3346 2
3347 0
3348 2
3349 1
3350 2
3351 3
3352 0
3353 2
3354 1
3355 0
3356 2
3357 1
3358 0
3359 1
3360 0
3361 1
3362 0
3363 1
3364 0
3365 1
3366 0
3367 2
3368 1
3369 0
3370 2
3371 1
3372 0
3373 1
3374 2
3375 1
3376 0
3377 2
3378 0
3379 1
3380 0
3381 2
3382 1
3383 2
3384 1
3385 2
3386 0
3387 1
3388 0
3389 2
3390 1
3391 0
3392 1
3393 2
3394 1
3395 2
3396 1
3397 0
3398 1
3399 0
3400 1
3401 0
3402 1
3403 2
3404 1
3405 0
3406 2
3407 0
3408 1
3409 0
3410 1
3411 0
3412 1
3413 2
3414 0
3415 1
3416 0
3417 2
3418 0
3419 2
3420 1
3421 3
3422 0
3423 1
3424 0
3425 1
3426 2
3427 1
3428 2
3429 1
3430 0
3431 2
3432 1
3433 0
3434 1
3435 0
3436 2
3437 0
3438 1
3439 2
3440 1
3441 3
3442 0
3443 2
3444 3
3445 1
3446 2
3447 0
3448 2
3449 1
3450 2
3451 0
3452 2
3453 1
3454 2
3455 0
3456 1
3457 0
3458 1
3459 0
3460 2
3461 0
3462 3
3463 2
3464 1
3465 0
3466 2
3467 1
3468 2
3469 3
3470 1
3471 2
3472 0
3473 1
3474 0
3475 2
3476 1
3477 2
3478 0
3479 1
3480 0
3481 2
3482 1
3483 2
3484 0
3485 1
3486 2
3487 0
3488 3
3489 1
3490 2
3491 0
3492 1
3493 0
3494 1
3495 2
3496 1
3497 0
3498 3
3499 2
3500 0
3501 1
3502 0
3503 2
3504 1
3505 0
3506 2
3507 0
3508 2
3509 1
3510 2
3511 0
3512 1
3513 2
3514 0
3515 2
3516 0
3517 2
3518 0
3519 2
3520 1
3521 2
3522 0
3523 2
3524 1
3525 2
3526 0
3527 1
3528 2
3529 0
3530 1
3531 0
3532 1
3533 2
3534 1
3535 0
3536 2
3537 1
3538 0
3539 1
3540 2
3541 1
3542 0
3543 1
3544 2
3545 0
3546 1
3547 2
3548 1
3549 0
3550 1
3551 2
3552 0
3553 2
3554 1
3555 0
3556 2
3557 0
3558 1
3559 3
3560 2
3561 3
3562 0
3563 2
3564 1
3565 2
3566 1
3567 0
3568 2
3569 0
3570 1
3571 0
3572 1
3573 2
3574 0
3575 1
3576 2
3577 1
3578 0
3579 1
3580 2
3581 0
3582 2
3583 0
3584 2
3585 0
3586 2
3587 1
3588 2
3589 0
3590 1
3591 0
3592 1
3593 0
3594 1
3595 2
3596 0
3597 2
3598 0
3599 1
3600 2
3601 0
3602 1
3603 0
3604 2
3605 1
3606 2
3607 3
3608 1
3609 2
3610 0
3611 1
3612 2
3613 0
3614 2
3615 0
3616 1
3617 3
3618 0
3619 1
3620 2
3621 0
3622 1
3623 0
3624 2
3625 0
3626 1
3627 0
3628 1
3629 0
3630 1
3631 0
3632 2
3633 0
3634 1
3635 2
3636 0
3637 1
3638 2
3639 0
3640 2
3641 0
3642 1
3643 0
3644 2
3645 1
3646 0
3647 2
3648 1
3649 2
3650 3
3651 1
3652 0
3653 2
3654 1
3655 2
3656 0
3657 1
3658 2
3659 0
3660 1
3661 0
3662 1
3663 0
3664 1
3665 2
3666 1
3667 0
3668 2
3669 1
3670 2
3671 0
3672 1
3673 0
3674 1
3675 3
3676 2
3677 3
3678 0
3679 1
3680 2
3681 0
3682 1
3683 0
3684 1
3685 0
3686 1
3687 0
3688 1
3689 2
3690 0
3691 1
3692 2
3693 3
3694 0
3695 2
3696 3
3697 0
3698 1
3699 0
3700 2
3701 3
3702 1
3703 0
3704 2
3705 1
3706 0
3707 1
3708 3
3709 2
3710 0
3711 1
3712 0
3713 1
3714 0
3715 1
3716 0
3717 1
3718 2
3719 1
3720 0
3721 1
3722 0
3723 1
3724 2
3725 0
3726 2
3727 1
3728 0
3729 2
3730 1
3731 0
3732 2
3733 0
3734 2
3735 1
3736 2
3737 0
3738 1
3739 0
3740 2
3741 1
3742 0
3743 1
3744 0
3745 1
3746 0
3747 1
3748 0
3749 2
3750 0
3751 2
3752 0
3753 1
3754 0
3755 1
3756 0
3757 1
3758 2
3759 0
3760 1
3761 2
3762 3
3763 1
3764 2
3765 0
3766 1
3767 0
3768 2
3769 1
3770 0
3771 1
3772 0
3773 1
3774 0
3775 2
3776 1
3777 2
3778 0
3779 1
3780 0
3781 2
3782 1
3783 0
3784 2
3785 1
3786 2
3787 1
3788 0
3789 1
3790 2
3791 1
3792 2
3793 3
3794 1
3795 0
3796 2
3797 1
3798 2
3799 0
3800 1
3801 0
3802 1
3803 2
3804 0
3805 3
3806 0
3807 2
3808 1
3809 0
3810 1
3811 0
3812 1
3813 0
3814 1
3815 0
3816 1
3817 0
3818 1
3819 2
3820 0
3821 1
3822 3
3823 0
3824 2
3825 1
3826 2
3827 3
3828 0
3829 2
3830 0
3831 1
3832 0
3833 1
3834 2
3835 0
3836 2
3837 0
3838 1
3839 2
3840 0
3841 1
3842 0
3843 2
3844 1
3845 2
3846 0
3847 1
3848 0
3849 2
3850 1
3851 2
3852 3
3853 1
3854 0
3855 2
3856 1
3857 2
3858 0
3859 1
3860 2
3861 1
3862 0
3863 2
3864 0
3865 1
3866 0
3867 1
3868 0
3869 1
3870 0
3871 2
3872 0
3873 1
3874 0
3875 1
3876 2
3877 0
3878 2
3879 1
3880 0
3881 1
3882 3
3883 2
3884 0
3885 2
3886 1
3887 2
3888 1
3889 0
3890 1
3891 2
3892 1
3893 2
3894 0
3895 1
3896 2
3897 0
3898 1
3899 3
3900 2
3901 0
3902 2
3903 3
3904 1
3905 0
3906 2
3907 1
3908 3
3909 0
3910 2
3911 0
3912 1
3913 2
3914 0
3915 1
3916 2
3917 0
3918 2
3919 1
3920 0
3921 1
3922 0
3923 3
3924 2
3925 0
3926 2
3927 1
3928 2
3929 0
3930 1
3931 2
3932 1
3933 0
3934 3
3935 2
3936 1
3937 2
3938 1
3939 2
3940 1
3941 0
3942 1
3943 2
3944 1
3945 0
3946 1
3947 2
3948 0
3949 2
3950 1
3951 0
3952 2
3953 0
3954 1
3955 0
3956 2
3957 1
3958 2
3959 3
3960 2
3961 1
3962 0
3963 1
3964 2
3965 0
3966 1
3967 0
3968 1
3969 0
3970 1
3971 0
3972 3
3973 2
3974 0
3975 1
3976 0
3977 1
3978 0
3979 2
3980 1
3981 0
3982 2
3983 1
3984 2
3985 1
3986 0
3987 2
3988 0
3989 1
3990 2
3991 0
3992 1
3993 2
3994 3
3995 1
3996 0
3997 1
3998 0
3999 2
4000 0
4001 2
4002 1
4003 0
4004 2
4005 1
4006 0
4007 2
4008 1
4009 2
4010 0
4011 1
4012 2
4013 1
4014 0
4015 1
4016 0
4017 1
4018 0
4019 1
4020 0
4021 1
4022 2
4023 1
4024 2
4025 1
4026 0
4027 1
4028 2
4029 1
4030 0
4031 1
4032 2
4033 0
4034 2
4035 0
4036 1
4037 0
4038 1
4039 0
4040 1
4041 2
4042 0
4043 1
4044 0
4045 1
4046 2
4047 0
4048 2
4049 1
4050 0
4051 1
4052 0
4053 1
4054 0
4055 2
4056 1
4057 2
4058 0
4059 2
4060 0
4061 1
4062 2
4063 0
4064 1
4065 2
4066 0
4067 1
4068 0
4069 1
4070 2
4071 1
4072 0
4073 1
4074 2
4075 1
4076 0
4077 1
4078 2
4079 0
4080 1
4081 0
4082 2
4083 1
4084 2
4085 0
4086 1
4087 2
4088 1
4089 2
4090 3
4091 1
4092 0
4093 1
4094 0
4095 1
4096 3
4097 2
4098 0
4099 2
4100 0
4101 1
4102 2
4103 1
4104 0
4105 1
4106 3
4107 1
4108 0
4109 1
4110 0
4111 2
4112 1
4113 2
4114 1
4115 0
4116 2
4117 1
4118 0
4119 2
4120 0
4121 1
4122 2
4123 1
4124 2
4125 0
4126 1
4127 0
4128 1
4129 0
4130 1
4131 2
4132 1
4133 0
4134 2
4135 1
4136 0
4137 1
4138 3
4139 0
4140 1
4141 2
4142 0
4143 2
4144 0
4145 1
4146 2
4147 0
4148 2
4149 1
4150 0
4151 1
4152 0
4153 2
4154 0
4155 2
4156 0
4157 2
4158 1
4159 3
4160 0
4161 1
4162 0
4163 1
4164 2
4165 1
4166 0
4167 3
4168 0
4169 1
4170 0
4171 1
4172 2
4173 1
4174 0
4175 1
4176 0
4177 1
4178 2
4179 0
4180 1
4181 0
4182 1
4183 0
4184 1
4185 0
4186 1
4187 0
4188 1
4189 0
4190 1
4191 2
4192 1
4193 0
4194 1
4195 0
4196 1
4197 0
4198 2
4199 1
4200 2
4201 0
4202 1
4203 0
4204 1
4205 0
4206 1
4207 2
4208 1
4209 0
4210 2
4211 1
4212 0
4213 1
4214 2
4215 0
4216 1
4217 0
4218 2
4219 1
4220 0
4221 2
4222 0
4223 1
4224 2
4225 0
4226 1
4227 0
4228 1
4229 0
4230 1
4231 2
4232 1
4233 3
4234 2
4235 0
4236 1
4237 2
4238 0
4239 2
4240 1
4241 2
4242 1
4243 0
4244 2
4245 1
4246 3
4247 0
4248 2
4249 1
4250 2
4251 1
4252 0
4253 2
4254 1
4255 2
4256 3
4257 1
4258 0
4259 2
4260 1
4261 2
4262 0
4263 1
4264 2
4265 0
4266 2
4267 0
4268 1
4269 0
4270 2
4271 3
4272 1
4273 0
4274 1
4275 0
4276 2
4277 1
4278 2
4279 1
4280 0
4281 2
4282 1
4283 2
4284 0
4285 1
4286 2
4287 1
4288 0
4289 1
4290 2
4291 3
4292 0
4293 1
4294 0
4295 2
4296 0
4297 1
4298 2
4299 1
4300 0
4301 1
4302 0
4303 1
4304 2
4305 0
4306 1
4307 0
4308 1
4309 0
4310 2
4311 1
4312 0
4313 1
4314 0
4315 1
4316 2
4317 0
4318 1
4319 0
4320 1
4321 0
4322 2
4323 1
4324 2
4325 0
4326 2
4327 1
4328 0
4329 2
4330 0
4331 1
4332 2
4333 1
4334 2
4335 0
4336 1
4337 2
4338 0
4339 1
4340 0
4341 1
4342 0
4343 1
4344 0
4345 3
4346 1
4347 0
4348 2
4349 0
4350 1
4351 2
4352 1
4353 0
4354 1
4355 0
4356 1
4357 2
4358 0
4359 1
4360 2
4361 1
4362 2
4363 0
4364 2
4365 1
4366 0
4367 2
4368 1
4369 0
4370 1
4371 2
4372 0
4373 1
4374 0
4375 1
4376 0
4377 1
4378 0
4379 2
4380 1
4381 2
4382 3
4383 1
4384 3
4385 2
4386 1
4387 0
4388 1
4389 2
4390 0
4391 1
4392 3
4393 0
4394 1
4395 0
4396 1
4397 2
4398 0
4399 1
4400 2
4401 3
4402 1
4403 0
4404 3
4405 1
4406 2
4407 1
4408 2
4409 1
4410 0
4411 2
4412 1
4413 0
4414 1
4415 2
4416 3
4417 0
4418 1
4419 2
4420 3
4421 0
4422 1
4423 2
4424 0
4425 2
4426 0
4427 1
4428 2
4429 1
4430 2
4431 0
4432 1
4433 0
4434 2
4435 0
4436 2
4437 1
4438 0
4439 1
4440 0
4441 2
4442 0
4443 2
4444 0
4445 2
4446 0
4447 1
4448 0
4449 1
4450 2
4451 1
4452 0
4453 1
4454 2
4455 0
4456 1
4457 2
4458 0
4459 1
4460 2
4461 0
4462 1
4463 2
4464 0
4465 1
4466 0
4467 1
4468 2
4469 1
4470 0
4471 1
4472 0
4473 1
4474 0
4475 1
4476 0
4477 2
4478 1
4479 0
4480 1
4481 2
4482 0
4483 1
4484 2
4485 0
4486 1
4487 2
4488 0
4489 2
4490 1
4491 2
4492 1
4493 2
4494 0
4495 1
4496 2
4497 1
4498 0
4499 1
4500 0
4501 1
4502 2
4503 0
4504 2
4505 3
4506 0
4507 1
4508 2
4509 1
4510 0
4511 1
4512 2
4513 0
4514 2
4515 1
4516 2
4517 0
4518 1
4519 2
4520 3
4521 0
4522 3
4523 2
4524 0
4525 2
4526 0
4527 2
4528 0
4529 1
4530 2
4531 1
4532 2
4533 1
4534 0
4535 2
4536 0
4537 2
4538 1
4539 0
4540 1
4541 2
4542 0
4543 1
4544 2
4545 0
4546 2
4547 1
4548 0
4549 1
4550 0
4551 2
4552 0
4553 1
4554 0
4555 1
4556 0
4557 1
4558 0
4559 1
4560 0
4561 2
4562 1
4563 2
4564 0
4565 2
4566 1
4567 0
4568 1
4569 0
4570 2
4571 1
4572 0
4573 2
4574 1
4575 2
4576 0
4577 3
4578 1
4579 0
4580 1
4581 0
4582 3
4583 1
4584 0
4585 1
4586 2
4587 3
4588 0
4589 1
4590 2
4591 0
4592 2
4593 1
4594 2
4595 0
4596 1
4597 2
4598 0
4599 2
4600 3
4601 2
4602 1
4603 0
4604 1
4605 0
4606 1
4607 0
4608 1
4609 2
4610 0
4611 3
4612 1
4613 0
4614 2
4615 0
4616 1
4617 2
4618 1
4619 3
4620 0
4621 1
4622 0
4623 2
4624 0
4625 1
4626 0
4627 2
4628 0
4629 2
4630 1
4631 2
4632 1
4633 2
4634 0
4635 2
4636 1
4637 0
4638 2
4639 0
4640 1
4641 0
4642 1
4643 0
4644 1
4645 0
4646 1
4647 0
4648 1
4649 2
4650 0
4651 1
4652 2
4653 1
4654 0
4655 2
4656 0
4657 2
4658 1
4659 0
4660 2
4661 1
4662 0
4663 1
4664 2
4665 0
4666 2
4667 1
4668 0
4669 1
4670 0
4671 2
4672 1
4673 0
4674 1
4675 0
4676 1
4677 0
4678 2
4679 1
4680 0
4681 1
4682 0
4683 2
4684 1
4685 0
4686 2
4687 0
4688 2
4689 1
4690 2
4691 0
4692 1
4693 0
4694 1
4695 0
4696 2
4697 3
4698 1
4699 2
4700 0
4701 1
4702 0
4703 1
4704 0
4705 1
4706 2
4707 0
4708 2
4709 0
4710 1
4711 2
4712 0
4713 1
4714 0
4715 1
4716 2
4717 0
4718 2
4719 0
4720 2
4721 1
4722 2
4723 0
4724 1
4725 0
4726 1
4727 2
4728 1
4729 0
4730 2
4731 1
4732 0
4733 1
4734 2
4735 0
4736 1
4737 0
4738 1
4739 0
4740 1
4741 2
4742 1
4743 2
4744 0
4745 1
4746 0
4747 1
4748 2
4749 0
4750 1
4751 3
4752 2
4753 1
4754 2
4755 1
4756 0
4757 2
4758 1
4759 0
4760 2
4761 1
4762 2
4763 0
4764 1
4765 0
4766 1
4767 2
4768 0
4769 2
4770 1
4771 0
4772 1
4773 2
4774 0
4775 1
4776 2
4777 0
4778 2
4779 0
4780 1
4781 0
4782 2
4783 0
4784 1
4785 2
4786 0
4787 2
4788 1
4789 0
4790 1
4791 2
4792 3
4793 1
4794 0
4795 1
4796 0
4797 1
4798 2
4799 0
4800 1
4801 2
4802 1
4803 0
4804 1
4805 0
4806 1
4807 2
4808 1
4809 0
4810 2
4811 1
4812 0
4813 1
4814 2
4815 1
4816 0
4817 2
4818 3
4819 0
4820 1
4821 0
4822 1
4823 2
4824 3
4825 1
4826 2
4827 0
4828 1
4829 2
4830 0
4831 1
4832 2
4833 1
4834 0
4835 1
4836 0
4837 1
4838 2
4839 0
4840 1
4841 3
4842 2
4843 0
4844 2
4845 0
4846 1
4847 2
4848 3
4849 1
4850 0
4851 1
4852 2
4853 1
4854 0
4855 1
4856 0
4857 2
4858 0
4859 1
4860 0
4861 1
4862 0
4863 2
4864 0
4865 1
4866 2
4867 0
4868 1
4869 2
4870 3
4871 1
4872 2
4873 0
4874 1
4875 0
4876 3
4877 1
4878 0
4879 2
4880 0
4881 1
4882 2
4883 0
4884 2
4885 0
4886 1
4887 2
4888 0
4889 1
4890 2
4891 0
4892 1
4893 0
4894 1
4895 0
4896 1
4897 2
4898 0
4899 1
4900 0
4901 2
4902 0
4903 2
4904 1
4905 0
4906 1
4907 0
4908 1
4909 2
4910 0
4911 1
4912 2
4913 0
4914 2
4915 0
4916 1
4917 0
4918 1
4919 0
4920 1
4921 0
4922 1
4923 0
4924 1
4925 2
4926 0
4927 1
4928 2
4929 1
4930 3
4931 2
4932 3
4933 1
4934 2
4935 0
4936 1
4937 0
4938 1
4939 0
4940 3
4941 1
4942 2
4943 0
4944 2
4945 3
4946 0
4947 2
4948 1
4949 2
4950 3
4951 1
4952 0
4953 1
4954 2
4955 3
4956 0
4957 1
4958 2
4959 0
4960 1
4961 2
4962 0
4963 2
4964 1
4965 2
4966 1
4967 2
4968 0
4969 2
4970 0
4971 1
4972 3
4973 2
4974 1
4975 0
4976 2
4977 1
4978 0
4979 3
4980 1
4981 2
4982 1
4983 2
4984 1
4985 0
4986 1
4987 0
4988 1
4989 0
4990 2
4991 1
4992 0
4993 1
4994 2
4995 0
4996 1
4997 2
4998 1
4999 0
5000 2
5001 1
5002 2
5003 0
5004 1
5005 2
5006 1
5007 2
5008 0
5009 1
5010 3
5011 2
5012 1
5013 0
5014 2
5015 0
5016 1
5017 2
5018 0
5019 1
5020 0
5021 1
5022 0
5023 1
5024 2
5025 0
5026 1
5027 0
5028 2
5029 3
5030 1
5031 2
5032 0
5033 2
5034 1
5035 2
5036 0
5037 2
5038 1
5039 2
5040 3
5041 0
5042 2
5043 0
5044 1
5045 2
5046 1
5047 0
5048 1
5049 2
5050 3
5051 0
5052 1
5053 2
5054 0
5055 3
5056 1
5057 3
5058 1
5059 0
5060 1
5061 0
5062 1
5063 0
5064 1
5065 0
5066 2
5067 1
5068 0
5069 2
5070 1
5071 2
5072 0
5073 2
5074 1
5075 0
5076 3
5077 1
5078 0
5079 2
5080 1
5081 2
5082 0
5083 1
5084 3
5085 2
5086 0
5087 1
5088 2
5089 1
5090 0
5091 1
5092 2
5093 0
5094 1
5095 2
5096 0
5097 2
5098 1
5099 0
5100 1
5101 0
5102 2
5103 1
5104 2
5105 3
5106 1
5107 3
5108 0
5109 1
5110 0
5111 1
5112 0
5113 3
5114 2
5115 1
5116 2
5117 0
5118 1
5119 0
5120 1
5121 0
5122 1
5123 0
5124 1
5125 0
5126 1
5127 2
5128 0
5129 1
5130 0
5131 1
5132 2
5133 0
5134 2
5135 1
5136 0
5137 1
5138 2
5139 0
5140 1
5141 0
5142 1
5143 2
5144 1
5145 0
5146 1
5147 0
5148 2
5149 0
5150 1
5151 0
5152 2
5153 1
5154 0
5155 1
5156 0
5157 1
5158 0
5159 1
5160 2
5161 1
5162 2
5163 1
5164 2
5165 0
5166 1
5167 0
5168 1
5169 2
5170 1
5171 2
5172 1
5173 0
5174 2
5175 1
5176 0
5177 2
5178 1
5179 0
5180 2
5181 0
5182 3
5183 0
5184 1
5185 2
5186 0
5187 2
5188 1
5189 2
5190 1
5191 2
5192 3
5193 1
5194 2
5195 0
5196 1
5197 0
5198 1
5199 2
5200 1
5201 0
5202 1
5203 0
5204 1
5205 2
5206 0
5207 1
5208 2
5209 1
5210 2
5211 0
5212 1
5213 0
5214 1
5215 0
5216 2
5217 1
5218 2
5219 0
5220 2
5221 3
5222 1
5223 0
5224 2
5225 1
5226 2
5227 1
5228 0
5229 1
5230 2
5231 0
5232 2
5233 3
5234 0
5235 1
5236 2
5237 1
5238 0
5239 2
5240 1
5241 0
5242 1
5243 0
5244 1
5245 2
5246 3
5247 0
5248 1
5249 0
5250 1
5251 2
5252 0
5253 1
5254 2
5255 1
5256 0
5257 1
5258 0
5259 1
5260 2
5261 0
5262 2
5263 1
5264 2
5265 0
5266 3
5267 1
5268 0
5269 1
5270 2
5271 0
5272 2
5273 1
5274 2
5275 1
5276 0
5277 1
5278 0
5279 2
5280 1
5281 2
5282 1
5283 2
5284 0
5285 3
5286 2
5287 0
5288 2
5289 1
5290 0
5291 2
5292 1
5293 2
5294 0
5295 2
5296 1
5297 2
5298 1
5299 0
5300 1
5301 0
5302 2
5303 1
5304 0
5305 1
5306 0
5307 1
5308 0
5309 2
5310 0
5311 1
5312 0
5313 2
5314 1
5315 2
5316 0
5317 1
5318 0
5319 1
5320 2
5321 0
5322 1
5323 2
5324 1
5325 2
5326 1
5327 2
5328 0
5329 2
5330 1
5331 2
5332 0
5333 2
5334 0
5335 1
5336 2
5337 0
5338 1
5339 0
5340 1
5341 2
5342 1
5343 2
5344 1
5345 2
5346 0
5347 2
5348 0
5349 1
5350 2
5351 0
5352 2
5353 0
5354 1
5355 0
5356 2
5357 1
5358 0
5359 1
5360 0
5361 1
5362 2
5363 3
5364 1
5365 2
5366 0
5367 1
5368 2
5369 0
5370 1
5371 2
5372 1
5373 0
5374 1
5375 0
5376 1
5377 0
5378 1
5379 0
5380 1
5381 0
5382 1
5383 0
5384 1
5385 2
5386 0
5387 1
5388 3
5389 1
5390 0
5391 1
5392 0
5393 2
5394 1
5395 2
5396 1
5397 2
5398 0
5399 1
5400 0
5401 1
5402 2
5403 0
5404 1
5405 2
5406 1
5407 2
5408 3
5409 1
5410 2
5411 0
5412 1
5413 0
5414 2
5415 0
5416 1
5417 2
5418 3
5419 0
5420 2
5421 1
5422 3
5423 0
5424 1
5425 2
5426 0
5427 1
5428 0
5429 1
5430 3
5431 1
5432 0
5433 1
5434 2
5435 0
5436 3
5437 2
5438 1
5439 2
5440 0
5441 2
5442 0
5443 1
5444 0
5445 2
5446 1
5447 0
5448 1
5449 0
5450 2
5451 3
5452 0
5453 1
5454 0
5455 2
5456 1
5457 3
5458 0
5459 1
5460 0
5461 2
5462 0
5463 1
5464 0
5465 1
5466 0
5467 2
5468 3
5469 0
5470 3
5471 2
5472 0
5473 1
5474 0
5475 1
5476 2
5477 0
5478 2
5479 1
5480 3
5481 0
5482 1
5483 0
5484 1
5485 2
5486 1
5487 0
5488 1
5489 3
5490 2
5491 1
5492 0
5493 1
5494 2
5495 1
5496 0
5497 2
5498 0
5499 1
5500 0
5501 1
5502 2
5503 1
5504 2
5505 0
5506 1
5507 0
5508 1
5509 0
5510 1
5511 2
5512 0
5513 1
5514 0
5515 1
5516 2
5517 1
5518 2
5519 1
5520 0
5521 2
5522 0
5523 1
5524 2
5525 1
5526 2
5527 0
5528 1
5529 2
5530 3
5531 0
5532 1
5533 2
5534 0
5535 1
5536 2
5537 0
5538 3
5539 0
5540 1
5541 2
5542 0
5543 1
5544 0
5545 1
5546 0
5547 2
5548 1
5549 2
5550 0
5551 1
5552 0
5553 1
5554 2
5555 1
5556 2
5557 1
5558 2
5559 1
5560 0
5561 2
5562 0
5563 1
5564 0
5565 2
5566 0
5567 2
5568 1
5569 2
5570 0
5571 1
5572 0
5573 2
5574 1
5575 0
5576 2
5577 1
5578 2
5579 3
5580 0
5581 2
5582 1
5583 2
5584 1
5585 0
5586 1
5587 0
5588 2
5589 1
5590 0
5591 1
5592 0
5593 1
5594 0
5595 1
5596 0
5597 1
5598 2
5599 1
5600 0
5601 2
5602 3
5603 0
5604 1
5605 0
5606 2
5607 0
5608 2
5609 0
5610 1
5611 0
5612 1
5613 0
5614 2
5615 0
5616 2
5617 1
5618 2
5619 1
5620 0
5621 2
5622 1
5623 0
5624 1
5625 2
5626 0
5627 2
5628 1
5629 2
5630 1
5631 2
5632 0
5633 1
5634 0
5635 1
5636 0
5637 2
5638 0
5639 1
5640 0
5641 2
5642 0
5643 1
5644 0
5645 1
5646 0
5647 1
5648 0
5649 2
5650 1
5651 2
5652 0
5653 2
5654 1
5655 0
5656 3
5657 2
5658 0
5659 2
5660 0
5661 1
5662 0
5663 1
5664 2
5665 0
5666 1
5667 2
5668 0
5669 1
5670 0
5671 1
5672 0
5673 1
5674 2
5675 0
5676 1
5677 2
5678 0
5679 1
5680 2
5681 1
5682 0
5683 2
5684 1
5685 2
5686 1
5687 2
5688 0
5689 2
5690 1
5691 2
5692 0
5693 1
5694 2
5695 3
5696 1
5697 2
5698 0
5699 1
5700 0
5701 3
5702 1
5703 0
5704 2
5705 1
5706 0
5707 1
5708 2
5709 0
5710 2
5711 1
5712 0
5713 2
5714 1
5715 0
5716 1
5717 0
5718 1
5719 0
5720 2
5721 3
5722 0
5723 2
5724 1
5725 2
5726 0
5727 2
5728 1
5729 2
5730 0
5731 1
5732 0
5733 2
5734 0
5735 2
5736 1
5737 0
5738 2
5739 1
5740 2
5741 0
5742 2
5743 1
5744 2
5745 1
5746 0
5747 1
5748 0
5749 1
5750 0
5751 1
5752 0
5753 1
5754 0
5755 1
5756 0
5757 2
5758 1
5759 0
5760 2
5761 3
5762 1
5763 0
5764 1
5765 2
5766 0
5767 1
5768 3
5769 0
5770 2
5771 1
5772 0
5773 1
5774 2
5775 3
5776 1
5777 2
5778 1
5779 0
5780 1
5781 3
5782 2
5783 0
5784 2
5785 0
5786 2
5787 3
5788 1
5789 0
5790 1
5791 0
5792 3
5793 1
5794 2
5795 0
5796 1
5797 0
5798 1
5799 2
5800 1
5801 3
5802 1
5803 2
5804 0
5805 1
5806 2
5807 1
5808 3
5809 0
5810 2
5811 0
5812 3
5813 1
5814 0
5815 1
5816 0
5817 2
5818 0
5819 2
5820 1
5821 2
5822 0
5823 1
5824 2
5825 0
5826 1
5827 3
5828 2
5829 3
5830 1
5831 0
5832 1
5833 0
5834 3
5835 1
5836 0
5837 1
5838 0
5839 2
5840 1
5841 2
5842 0
5843 1
5844 0
5845 2
5846 1
5847 0
5848 1
5849 3
5850 0
5851 3
5852 2
5853 1
5854 0
5855 2
5856 1
5857 0
5858 1
5859 0
5860 1
5861 0
5862 1
5863 2
5864 1
5865 2
5866 1
5867 0
5868 2
5869 1
5870 2
5871 1
5872 2
5873 0
5874 1
5875 0
5876 1
5877 0
5878 2
5879 1
5880 0
5881 1
5882 0
5883 1
5884 2
5885 1
5886 2
5887 0
5888 2
5889 1
5890 2
5891 1
5892 2
5893 3
5894 0
5895 1
5896 2
5897 1
5898 0
5899 2
5900 0
5901 2
5902 1
5903 2
5904 0
5905 1
5906 2
5907 0
5908 1
5909 3
5910 1
5911 3
5912 1
5913 0
5914 1
5915 2
5916 1
5917 0
5918 1
5919 3
5920 2
5921 0
5922 1
5923 0
5924 1
5925 0
5926 2
5927 1
5928 2
5929 0
5930 2
5931 0
5932 2
5933 0
5934 1
5935 2
5936 0
5937 2
5938 0
5939 1
5940 2
5941 1
5942 0
5943 2
5944 0
5945 1
5946 0
5947 2
5948 0
5949 1
5950 0
5951 3
5952 0
5953 2
5954 1
5955 2
5956 3
5957 1
5958 0
5959 1
5960 2
5961 3
5962 0
5963 1
5964 0
5965 2
5966 1
5967 2
5968 0
5969 2
5970 0
5971 1
5972 0
5973 2
5974 1
5975 0
5976 1
5977 2
5978 0
5979 1
5980 0
5981 1
5982 0
5983 2
5984 1
5985 3
5986 2
5987 0
5988 2
5989 0
5990 1
5991 2
5992 0
5993 2
5994 3
5995 1
5996 2
5997 0
5998 1
5999 2
6000 0
6001 2
6002 0
6003 2
6004 1
6005 0
6006 1
6007 2
6008 1
6009 2
6010 3
6011 0
6012 1
6013 3
6014 0
6015 2
6016 1
6017 0
6018 1
6019 3
6020 0
6021 2
6022 1
6023 2
6024 0
6025 1
6026 0
6027 1
6028 0
6029 1
6030 0
6031 3
6032 2
6033 1
6034 0
6035 1
6036 0
6037 1
6038 0
6039 2
6040 1
6041 0
6042 1
6043 0
6044 2
6045 1
6046 0
6047 1
6048 2
6049 0
6050 1
6051 0
6052 1
6053 2
6054 0
6055 2
6056 0
6057 1
6058 0
6059 1
6060 0
6061 3
6062 0
6063 2
6064 1
6065 0
6066 1
6067 0
6068 1
6069 2
6070 0
6071 1
6072 2
6073 0
6074 1
6075 2
6076 1
6077 2
6078 1
6079 0
6080 1
6081 0
6082 2
6083 0
6084 1
6085 3
6086 0
6087 3
6088 2
6089 0
6090 2
6091 3
6092 0
6093 3
6094 1
6095 2
6096 1
6097 2
6098 0
6099 1
6100 2
6101 0
6102 1
6103 0
6104 1
6105 0
6106 1
6107 0
6108 1
6109 2
6110 3
6111 1
6112 2
6113 0
6114 1
6115 0
6116 1
6117 0
6118 1
6119 0
6120 2
6121 0
6122 3
6123 1
6124 3
6125 2
6126 0
6127 1
6128 2
6129 0
6130 1
6131 0
6132 1
6133 0
6134 3
6135 1
6136 0
6137 2
6138 1
6139 2
6140 1
6141 0
6142 1
6143 0
6144 2
6145 0
6146 1
6147 0
6148 2
6149 1
6150 0
6151 1
6152 2
6153 0
6154 1
6155 0
6156 2
6157 1
6158 0
6159 1
6160 0
6161 1
6162 2
6163 1
6164 2
6165 1
6166 2
6167 0
6168 1
6169 2
6170 1
6171 2
6172 1
6173 0
6174 1
6175 2
6176 1
6177 0
6178 1
6179 0
6180 1
6181 0
6182 2
6183 0
6184 1
6185 2
6186 1
6187 0
6188 3
6189 0
6190 1
6191 0
6192 1
6193 0
6194 1
6195 2
6196 0
6197 2
6198 1
6199 2
6200 0
6201 2
6202 1
6203 0
6204 1
6205 3
6206 1
6207 3
6208 2
6209 0
6210 1
6211 0
6212 2
6213 1
6214 0
6215 1
6216 0
6217 2
6218 3
6219 1
6220 0
6221 2
6222 0
6223 1
6224 2
6225 0
6226 3
6227 1
6228 2
6229 1
6230 2
6231 0
6232 1
6233 0
6234 1
6235 0
6236 2
6237 1
6238 0
6239 2
6240 0
6241 1
6242 0
6243 1
6244 2
6245 1
6246 2
6247 1
6248 2
6249 0
6250 2
6251 3
6252 0
6253 1
6254 0
6255 1
6256 0
6257 2
6258 1
6259 0
6260 2
6261 0
6262 2
6263 1
6264 2
6265 0
6266 1
6267 2
6268 3
6269 1
6270 3
6271 0
6272 1
6273 0
6274 2
6275 1
6276 2
6277 1
6278 2
6279 1
6280 0
6281 1
6282 2
6283 0
6284 1
6285 2
6286 0
6287 2
6288 0
6289 1
6290 0
6291 1
6292 0
6293 1
6294 0
6295 1
6296 0
6297 2
6298 1
6299 0
6300 1
6301 0
6302 1
6303 3
6304 0
6305 2
6306 1
6307 3
6308 1
6309 0
6310 1
6311 0
6312 1
6313 0
6314 1
6315 2
6316 3
6317 0
6318 1
6319 0
6320 3
6321 2
6322 0
6323 1
6324 0
6325 1
6326 0
6327 1
6328 0
6329 2
6330 3
6331 0
6332 3
6333 1
6334 0
6335 3
6336 2
6337 3
6338 1
6339 0
6340 2
6341 0
6342 1
6343 3
6344 2
6345 0
6346 1
6347 2
6348 0
6349 2
6350 1
6351 2
6352 1
6353 0
6354 1
6355 0
6356 1
6357 2
6358 0
6359 2
6360 1
6361 2
6362 1
6363 0
6364 1
6365 2
6366 0
6367 2
6368 1
6369 0
6370 2
6371 1
6372 0
6373 2
6374 0
6375 2
6376 1
6377 2
6378 3
6379 0
6380 2
6381 0
6382 2
6383 0
6384 2
6385 0
6386 1
6387 0
6388 1
6389 0
6390 1
6391 0
6392 1
6393 2
6394 0
6395 2
6396 1
6397 2
6398 0
6399 1
6400 2
6401 1
6402 0
6403 1
6404 2
6405 1
6406 3
6407 0
6408 1
6409 2
6410 0
6411 2
6412 1
6413 2
6414 0
6415 2
6416 0
6417 2
6418 1
6419 2
6420 0
6421 1
6422 2
6423 0
6424 1
6425 0
6426 2
6427 0
6428 2
6429 0
6430 1
6431 2
6432 0
6433 2
6434 0
6435 2
6436 1
6437 0
6438 2
6439 1
6440 0
6441 1
6442 0
6443 3
6444 1
6445 0
6446 2
6447 1
6448 0
6449 1
6450 0
6451 1
6452 0
6453 2
6454 1
6455 2
6456 1
6457 0
6458 1
6459 2
6460 1
6461 0
6462 1
6463 2
6464 0
6465 2
6466 1
6467 0
6468 2
6469 1
6470 2
6471 0
6472 1
6473 0
6474 1
6475 0
6476 2
6477 1
6478 2
6479 0
6480 1
6481 0
6482 1
6483 0
6484 2
6485 1
6486 0
6487 1
6488 2
6489 1
6490 2
6491 0
6492 2
6493 0
6494 1
6495 0
6496 2
6497 1
6498 2
6499 3
6500 2
6501 3
6502 1
6503 0
6504 2
6505 1
6506 0
6507 1
6508 0
6509 2
6510 0
6511 1
6512 2
6513 1
6514 2
6515 1
6516 2
6517 0
6518 1
6519 3
6520 2
6521 0
6522 3
6523 1
6524 0
6525 3
6526 2
6527 3
6528 0
6529 2
6530 1
6531 2
6532 0
6533 1
6534 0
6535 1
6536 2
6537 1
6538 2
6539 1
6540 0
6541 1
6542 0
6543 2
6544 1
6545 0
6546 2
6547 0
6548 1
6549 0
6550 1
6551 2
6552 1
6553 2
6554 0
6555 3
6556 2
6557 3
6558 0
6559 2
6560 1
6561 0
6562 1
6563 0
6564 1
6565 2
6566 1
6567 0
6568 2
6569 0
6570 2
6571 1
6572 2
6573 0
6574 1
6575 0
6576 1
6577 0
6578 2
6579 3
6580 2
6581 3
6582 1
6583 2
6584 0
6585 1
6586 0
6587 1
6588 2
6589 1
6590 0
6591 2
6592 1
6593 2
6594 0
6595 1
6596 3
6597 1
6598 0
6599 2
6600 0
6601 1
6602 2
6603 0
6604 1
6605 0
6606 3
6607 0
6608 1
6609 0
6610 1
6611 2
6612 0
6613 1
6614 2
6615 1
6616 2
6617 3
6618 1
6619 2
6620 0
6621 1
6622 2
6623 0
6624 1
6625 2
6626 0
6627 1
6628 0
6629 1
6630 2
6631 1
6632 0
6633 1
6634 2
6635 0
6636 2
6637 0
6638 1
6639 2
6640 0
6641 1
6642 0
6643 1
6644 2
6645 0
6646 1
6647 0
6648 1
6649 2
6650 0
6651 1
6652 0
6653 2
6654 0
6655 1
6656 0
6657 1
6658 0
6659 2
6660 1
6661 2
6662 0
6663 1
6664 2
6665 0
6666 1
6667 2
6668 1
6669 0
6670 2
6671 1
6672 2
6673 1
6674 0
6675 1
6676 2
6677 0
6678 1
6679 0
6680 2
6681 0
6682 1
6683 2
6684 1
6685 3
6686 2
6687 1
6688 2
6689 0
6690 3
6691 1
6692 2
6693 0
6694 2
6695 1
6696 2
6697 0
6698 1
6699 2
6700 1
6701 0
6702 1
6703 0
6704 1
6705 0
6706 1
6707 0
6708 2
6709 1
6710 2
6711 3
6712 1
6713 0
6714 2
6715 0
6716 2
6717 1
6718 0
6719 1
6720 0
6721 2
6722 0
6723 1
6724 0
6725 1
6726 0
6727 3
6728 1
6729 2
6730 1
6731 0
6732 1
6733 0
6734 1
6735 0
6736 2
6737 1
6738 0
6739 2
6740 0
6741 1
6742 2
6743 1
6744 2
6745 1
6746 2
6747 1
6748 2
6749 1
6750 2
6751 0
6752 1
6753 0
6754 1
6755 0
6756 1
6757 0
6758 1
6759 2
6760 0
6761 2
6762 1
6763 2
6764 0
6765 1
6766 0
6767 1
6768 0
6769 2
6770 3
6771 1
6772 0
6773 1
6774 2
6775 1
6776 0
6777 2
6778 1
6779 2
6780 1
6781 0
6782 2
6783 1
6784 0
6785 1
6786 2
6787 0
6788 2
6789 1
6790 0
6791 1
6792 3
6793 1
6794 0
6795 1
6796 2
6797 1
6798 0
6799 2
6800 0
6801 3
6802 1
6803 0
6804 1
6805 0
6806 2
6807 1
6808 0
6809 2
6810 0
6811 2
6812 1
6813 0
6814 1
6815 0
6816 1
6817 0
6818 1
6819 2
6820 0
6821 1
6822 2
6823 0
6824 2
6825 1
6826 2
6827 0
6828 1
6829 0
6830 1
6831 2
6832 3
6833 2
6834 1
6835 0
6836 2
6837 0
6838 1
6839 2
6840 1
6841 2
6842 0
6843 3
6844 1
6845 3
6846 2
6847 0
6848 1
6849 2
6850 0
6851 2
6852 0
6853 1
6854 2
6855 0
6856 2
6857 1
6858 0
6859 1
6860 0
6861 1
6862 2
6863 1
6864 2
6865 0
6866 2
6867 1
6868 0
6869 2
6870 0
6871 2
6872 1
6873 2
6874 1
6875 0
6876 2
6877 1
6878 2
6879 1
6880 0
6881 1
6882 2
6883 3
6884 0
6885 1
6886 0
6887 1
6888 2
6889 1
6890 0
6891 1
6892 2
6893 0
6894 1
6895 0
6896 1
6897 2
6898 1
6899 0
6900 1
6901 0
6902 1
6903 2
6904 0
6905 2
6906 1
6907 2
6908 1
6909 2
6910 1
6911 2
6912 0
6913 1
6914 2
6915 0
6916 2
6917 0
6918 1
6919 2
6920 1
6921 2
6922 1
6923 0
6924 2
6925 1
6926 0
6927 2
6928 1
6929 0
6930 1
6931 0
6932 2
6933 1
6934 0
6935 1
6936 0
6937 3
6938 2
6939 1
6940 2
6941 0
6942 1
6943 0
6944 1
6945 2
6946 1
6947 2
6948 3
6949 1
6950 2
6951 1
6952 0
6953 2
6954 1
6955 2
6956 0
6957 2
6958 0
6959 2
6960 1
6961 0
6962 1
6963 0
6964 2
6965 1
6966 0
6967 1
6968 0
6969 1
6970 3
6971 2
6972 1
6973 2
6974 0
6975 2
6976 0
6977 1
6978 0
6979 2
6980 3
6981 1
6982 0
6983 2
6984 3
6985 0
6986 2
6987 0
6988 1
6989 0
6990 1
6991 2
6992 1
6993 0
6994 1
6995 2
6996 1
6997 2
6998 1
6999 0
7000 1
7001 0
7002 2
7003 1
7004 2
7005 1
7006 2
7007 1
7008 0
7009 2
7010 1
7011 2
7012 1
7013 0
7014 2
7015 1
7016 0
7017 1
7018 0
7019 1
7020 0
7021 1
7022 0
7023 2
7024 0
7025 1
7026 2
7027 0
7028 1
7029 0
7030 1
7031 2
7032 1
7033 2
7034 0
7035 1
7036 0
7037 1
7038 0
7039 1
7040 0
7041 1
7042 0
7043 2
7044 1
7045 3
7046 2
7047 1
7048 2
7049 1
7050 0
7051 1
7052 0
7053 1
7054 2
7055 0
7056 1
7057 2
7058 0
7059 1
7060 0
7061 2
7062 0
7063 1
7064 2
7065 0
7066 1
7067 2
7068 0
7069 1
7070 3
7071 2
7072 1
7073 2
7074 0
7075 2
7076 0
7077 1
7078 0
7079 1
7080 2
7081 1
7082 2
7083 0
7084 2
7085 0
7086 2
7087 1
7088 2
7089 0
7090 1
7091 0
7092 1
7093 0
7094 2
7095 0
7096 1
7097 0
7098 1
7099 0
7100 1
7101 2
7102 0
7103 1
7104 2
7105 3
7106 1
7107 2
7108 1
7109 0
7110 2
7111 0
7112 3
7113 0
7114 1
7115 2
7116 0
7117 2
7118 0
7119 2
7120 0
7121 1
7122 0
7123 1
7124 0
7125 1
7126 0
7127 2
7128 0
7129 2
7130 1
7131 0
7132 1
7133 0
7134 1
7135 2
7136 1
7137 0
7138 2
7139 0
7140 2
7141 0
7142 1
7143 0
7144 1
7145 0
7146 1
7147 2
7148 1
7149 2
7150 3
7151 1
7152 0
7153 1
7154 0
7155 2
7156 1
7157 0
7158 1
7159 2
7160 1
7161 0
7162 2
7163 0
7164 2
7165 1
7166 0
7167 1
7168 2
7169 0
7170 2
7171 1
7172 2
7173 1
7174 0
7175 1
7176 0
7177 1
7178 0
7179 1
7180 0
7181 1
7182 2
7183 0
7184 1
7185 0
7186 1
7187 0
7188 2
7189 1
7190 0
7191 1
7192 2
7193 0
7194 1
7195 0
7196 2
7197 0
7198 2
7199 1
7200 0
7201 1
7202 0
7203 1
7204 2
7205 0
7206 2
7207 1
7208 0
7209 2
7210 1
7211 2
7212 0
7213 1
7214 0
7215 1
7216 2
7217 0
7218 2
7219 1
7220 2
7221 1
7222 2
7223 0
7224 1
7225 2
7226 0
7227 2
7228 0
7229 1
7230 0
7231 2
7232 1
7233 0
7234 2
7235 0
7236 1
7237 2
7238 0
7239 2
7240 1
7241 2
7242 0
7243 1
7244 2
7245 0
7246 1
7247 0
7248 1
7249 2
7250 0
7251 1
7252 0
7253 1
7254 0
7255 1
7256 2
7257 0
7258 1
7259 2
7260 0
7261 2
7262 1
7263 0
7264 2
7265 1
7266 2
7267 0
7268 3
7269 1
7270 3
7271 2
7272 0
7273 1
7274 0
7275 2
7276 1
7277 2
7278 3
7279 1
7280 0
7281 1
7282 2
7283 1
7284 0
7285 2
7286 1
7287 0
7288 2
7289 1
7290 2
7291 1
7292 0
7293 1
7294 0
7295 2
7296 3
7297 1
7298 0
7299 1
7300 2
7301 1
7302 2
7303 1
7304 0
7305 3
7306 2
7307 0
7308 1
7309 0
7310 1
7311 2
7312 1
7313 2
7314 3
7315 0
7316 1
7317 2
7318 1
7319 0
7320 1
7321 2
7322 0
7323 2
7324 1
7325 2
7326 0
7327 1
7328 2
7329 3
7330 1
7331 0
7332 2
7333 1
7334 0
7335 1
7336 2
7337 1
7338 0
7339 1
7340 0
7341 2
7342 0
7343 1
7344 0
7345 3
7346 2
7347 0
7348 1
7349 0
7350 1
7351 2
7352 0
7353 1
7354 0
7355 2
7356 1
7357 0
7358 2
7359 1
7360 0
7361 2
7362 1
7363 2
7364 0
7365 1
7366 2
7367 3
7368 1
7369 0
7370 1
7371 2
7372 0
7373 1
7374 0
7375 2
7376 0
7377 2
7378 1
7379 2
7380 0
7381 2
7382 1
7383 2
7384 0
7385 1
7386 0
7387 3
7388 1
7389 3
7390 0
7391 2
7392 1
7393 0
7394 1
7395 2
7396 0
7397 2
7398 1
7399 2
7400 0
7401 2
7402 1
7403 2
7404 1
7405 0
7406 2
7407 1
7408 0
7409 1
7410 0
7411 1
7412 0
7413 1
7414 0
7415 1
7416 2
7417 1
7418 2
7419 1
7420 2
7421 0
7422 1
7423 0
7424 2
7425 1
7426 2
7427 3
7428 1
7429 2
7430 0
7431 3
7432 2
7433 1
7434 0
7435 1
7436 0
7437 1
7438 2
7439 0
7440 1
7441 2
7442 0
7443 1
7444 0
7445 2
7446 1
7447 2
7448 1
7449 0
7450 1
7451 0
7452 1
7453 2
7454 1
7455 0
7456 2
7457 0
7458 1
7459 2
7460 0
7461 2
7462 1
7463 0
7464 2
7465 1
7466 2
7467 1
7468 0
7469 2
7470 3
7471 0
7472 1
7473 0
7474 2
7475 1
7476 0
7477 1
7478 3
7479 2
7480 0
7481 2
7482 1
7483 0
7484 1
7485 2
7486 1
7487 0
7488 2
7489 1
7490 0
7491 1
7492 0
7493 1
7494 3
7495 1
7496 0
7497 1
7498 2
7499 0
7500 1
7501 0
7502 1
7503 2
7504 0
7505 1
7506 0
7507 1
7508 2
7509 1
7510 2
7511 0
7512 1
7513 0
7514 2
7515 1
7516 0
7517 1
7518 3
7519 1
7520 0
7521 2
7522 3
7523 1
7524 2
7525 0
7526 1
7527 0
7528 1
7529 0
7530 1
7531 0
7532 2
7533 3
7534 0
7535 1
7536 0
7537 1
7538 0
7539 1
7540 2
7541 1
7542 0
7543 1
7544 0
7545 1
7546 2
7547 1
7548 0
7549 1
7550 2
7551 1
7552 0
7553 1
7554 2
7555 1
7556 0
7557 2
7558 1
7559 2
7560 0
7561 2
7562 1
7563 0
7564 3
7565 2
7566 3
7567 0
7568 2
7569 3
7570 0
7571 1
7572 2
7573 1
7574 0
7575 2
7576 1
7577 2
7578 0
7579 2
7580 3
7581 0
7582 1
7583 2
7584 0
7585 1
7586 0
7587 2
7588 1
7589 2
7590 0
7591 1
7592 3
7593 0
7594 2
7595 0
7596 1
7597 0
7598 1
7599 3
7600 0
7601 1
7602 2
7603 1
7604 2
7605 0
7606 3
7607 1
7608 2
7609 1
7610 0
7611 1
7612 0
7613 1
7614 0
7615 1
7616 0
7617 1
7618 0
7619 2
7620 1
7621 2
7622 0
7623 2
7624 0
7625 1
7626 2
7627 0
7628 2
7629 1
7630 0
7631 1
7632 2
7633 1
7634 0
7635 1
7636 0
7637 2
7638 0
7639 2
7640 1
7641 2
7642 0
7643 2
7644 1
7645 0
7646 2
7647 1
7648 2
7649 3
7650 1
7651 2
7652 0
7653 1
7654 2
7655 0
7656 1
7657 0
7658 2
7659 1
7660 0
7661 1
7662 0
7663 1
7664 2
7665 0
7666 1
7667 2
7668 0
7669 1
7670 2
7671 1
7672 0
7673 2
7674 1
7675 2
7676 0
7677 1
7678 0
7679 2
7680 1
7681 2
7682 0
7683 1
7684 2
7685 0
7686 1
7687 2
7688 0
7689 2
7690 0
7691 2
7692 1
7693 2
7694 1
7695 0
7696 1
7697 2
7698 0
7699 1
7700 2
7701 1
7702 3
7703 2
7704 1
7705 3
7706 0
7707 1
7708 0
7709 1
7710 2
7711 1
7712 0
7713 1
7714 0
7715 1
7716 0
7717 1
7718 0
7719 2
7720 0
7721 2
7722 1
7723 3
7724 0
7725 3
7726 2
7727 0
7728 2
7729 0
7730 3
7731 0
7732 1
7733 0
7734 2
7735 1
7736 2
7737 0
7738 1
7739 2
7740 3
7741 0
7742 1
7743 0
7744 3
7745 1
7746 2
7747 3
7748 1
7749 2
7750 1
7751 0
7752 2
7753 3
7754 1
7755 2
7756 3
7757 1
7758 2
7759 1
7760 2
7761 0
7762 3
7763 1
7764 2
7765 1
7766 2
7767 0
7768 1
7769 2
7770 1
7771 2
7772 3
7773 0
7774 2
7775 1
7776 2
7777 0
7778 1
7779 0
7780 3
7781 2
7782 3
7783 0
7784 1
7785 0
7786 1
7787 0
7788 3
7789 2
7790 1
7791 0
7792 2
7793 0
7794 1
7795 2
7796 1
7797 0
7798 1
7799 0
7800 1
7801 3
7802 2
7803 1
7804 0
7805 3
7806 2
7807 1
7808 2
7809 1
7810 0
7811 1
7812 0
7813 2
7814 1
7815 0
7816 1
7817 2
7818 1
7819 2
7820 0
7821 1
7822 0
7823 1
7824 2
7825 0
7826 1
7827 2
7828 1
7829 2
7830 0
7831 1
7832 0
7833 1
7834 0
7835 1
7836 0
7837 1
7838 2
7839 3
7840 2
7841 1
7842 3
7843 1
7844 0
7845 2
7846 1
7847 0
7848 1
7849 0
7850 3
7851 0
7852 2
7853 3
7854 2
7855 0
7856 1
7857 2
7858 1
7859 2
7860 1
7861 0
7862 1
7863 3
7864 2
7865 0
7866 1
7867 0
7868 2
7869 3
7870 1
7871 2
7872 1
7873 0
7874 2
7875 0
7876 1
7877 0
7878 1
7879 0
7880 1
7881 2
7882 3
7883 1
7884 0
7885 1
7886 0
7887 1
7888 2
7889 0
7890 1
7891 2
7892 0
7893 2
7894 1
7895 0
7896 1
7897 0
7898 1
7899 0
7900 1
7901 0
7902 1
7903 2
7904 1
7905 2
7906 0
7907 2
7908 0
7909 1
7910 2
7911 1
7912 2
7913 3
7914 1
7915 2
7916 1
7917 0
7918 1
7919 0
7920 1
7921 2
7922 0
7923 1
7924 0
7925 2
7926 1
7927 2
7928 0
7929 2
7930 1
7931 2
7932 3
7933 0
7934 1
7935 0
7936 2
7937 3
7938 0
7939 2
7940 0
7941 1
7942 2
7943 3
7944 1
7945 2
7946 1
7947 0
7948 2
7949 1
7950 2
7951 0
7952 3
7953 1
7954 0
7955 1
7956 2
7957 0
7958 1
7959 2
7960 1
7961 0
7962 2
7963 1
7964 2
7965 0
7966 1
7967 2
7968 1
7969 2
7970 0
7971 1
7972 2
7973 3
7974 0
7975 2
7976 0
7977 2
7978 0
7979 2
7980 1
7981 0
7982 2
7983 1
7984 0
7985 2
7986 0
7987 1
7988 0
7989 3
7990 1
7991 2
7992 1
7993 0
7994 1
7995 2
7996 0
7997 1
7998 2
7999 0
8000 1
8001 2
8002 0
8003 2
8004 0
8005 1
8006 0
8007 2
8008 1
8009 0
8010 1
8011 2
8012 1
8013 2
8014 0
8015 2
8016 0
8017 2
8018 1
8019 0
8020 2
8021 1
8022 2
8023 1
8024 0
8025 3
8026 0
8027 2
8028 1
8029 2
8030 0
8031 1
8032 0
8033 1
8034 0
8035 1
8036 0
8037 1
8038 2
8039 1
8040 2
8041 1
8042 2
8043 1
8044 0
8045 2
8046 3
8047 1
8048 0
8049 2
8050 0
8051 1
8052 0
8053 1
8054 0
8055 2
8056 1
8057 3
8058 1
8059 0
8060 1
8061 0
8062 2
8063 1
8064 0
8065 1
8066 0
8067 3
8068 2
8069 1
8070 2
8071 1
8072 2
8073 1
8074 0
8075 2
8076 1
8077 2
8078 0
8079 2
8080 1
8081 2
8082 3
8083 0
8084 2
8085 1
8086 0
8087 1
8088 0
8089 1
8090 0
8091 2
8092 0
8093 1
8094 0
8095 2
8096 1
8097 0
8098 1
8099 0
8100 1
8101 0
8102 1
8103 0
8104 1
8105 2
8106 3
8107 0
8108 2
8109 1
8110 2
8111 3
8112 1
8113 2
8114 1
8115 0
8116 1
8117 3
8118 2
8119 1
8120 2
8121 1
8122 2
8123 3
8124 1
8125 2
8126 1
8127 0
8128 2
8129 0
8130 1
8131 0
8132 1
8133 2
8134 0
8135 1
8136 2
8137 1
8138 0
8139 3
8140 2
8141 1
8142 2
8143 1
8144 0
8145 1
8146 2
8147 1
8148 0
8149 1
8150 0
8151 1
8152 0
8153 2
8154 0
8155 2
8156 0
8157 2
8158 1
8159 0
8160 1
8161 0
8162 3
8163 2
8164 1
8165 2
8166 1
8167 0
8168 1
8169 0
8170 2
8171 1
8172 2
8173 1
8174 0
8175 1
8176 0
8177 1
8178 0
8179 1
8180 0
8181 3
8182 1
8183 2
8184 1
8185 2
8186 1
8187 0
8188 1
8189 0
8190 1
8191 2
8192 1
8193 0
8194 2
8195 1
8196 2
8197 1
8198 0
8199 1
8200 2
8201 0
8202 1
8203 2
8204 1
8205 0
8206 1
8207 2
8208 0
8209 2
8210 1
8211 0
8212 1
8213 0
8214 2
8215 1
8216 0
8217 2
8218 1
8219 0
8220 2
8221 1
8222 0
8223 1
8224 2
8225 1
8226 2
8227 0
8228 1
8229 2
8230 0
8231 2
8232 1
8233 0
8234 1
8235 0
8236 2
8237 0
8238 1
8239 0
8240 1
8241 2
8242 0
8243 1
8244 0
8245 1
8246 0
8247 1
8248 0
8249 2
8250 3
8251 1
8252 2
8253 0
8254 3
8255 1
8256 0
8257 1
8258 2
8259 0
8260 1
8261 2
8262 0
8263 2
8264 0
8265 1
8266 3
8267 1
8268 0
8269 2
8270 1
8271 2
8272 0
8273 2
8274 0
8275 1
8276 0
8277 1
8278 0
8279 1
8280 2
8281 1
8282 2
8283 1
8284 0
8285 1
8286 2
8287 0
8288 2
8289 3
8290 0
8291 1
8292 0
8293 1
8294 2
8295 1
8296 0
8297 2
8298 1
8299 0
8300 1
8301 2
8302 1
8303 0
8304 1
8305 2
8306 0
8307 1
8308 0
8309 3
8310 1
8311 0
8312 1
8313 0
8314 1
8315 2
8316 1
8317 2
8318 1
8319 2
8320 0
8321 1
8322 0
8323 1
8324 2
8325 0
8326 1
8327 2
8328 1
8329 0
8330 2
8331 1
8332 2
8333 1
8334 3
8335 0
8336 2
8337 1
8338 2
8339 3
8340 1
8341 0
8342 1
8343 0
8344 2
8345 1
8346 2
8347 0
8348 3
8349 0
8350 2
8351 1
8352 2
8353 0
8354 1
8355 3
8356 2
8357 0
8358 1
8359 0
8360 1
8361 0
8362 1
8363 2
8364 0
8365 2
8366 1
8367 2
8368 0
8369 1
8370 2
8371 0
8372 1
8373 2
8374 0
8375 1
8376 0
8377 1
8378 2
8379 1
8380 0
8381 2
8382 1
8383 2
8384 3
8385 2
8386 3
8387 0
8388 1
8389 2
8390 1
8391 0
8392 1
8393 0
8394 2
8395 3
8396 0
8397 3
8398 2
8399 0
8400 1
8401 2
8402 1
8403 2
8404 0
8405 2
8406 1
8407 0
8408 1
8409 2
8410 0
8411 1
8412 2
8413 0
8414 1
8415 0
8416 1
8417 2
8418 0
8419 1
8420 0
8421 2
8422 1
8423 0
8424 3
8425 1
8426 3
8427 2
8428 1
8429 0
8430 1
8431 0
8432 1
8433 0
8434 1
8435 2
8436 3
8437 1
8438 3
8439 1
8440 0
8441 2
8442 0
8443 1
8444 2
8445 0
8446 3
8447 2
8448 1
8449 0
8450 1
8451 0
8452 1
8453 0
8454 2
8455 1
8456 2
8457 3
8458 1
8459 0
8460 1
8461 0
8462 1
8463 0
8464 2
8465 0
8466 3
8467 1
8468 0
8469 1
8470 2
8471 1
8472 2
8473 1
8474 0
8475 1
8476 2
8477 0
8478 1
8479 0
8480 1
8481 2
8482 1
8483 0
8484 2
8485 0
8486 2
8487 1
8488 2
8489 1
8490 0
8491 2
8492 0
8493 3
8494 2
8495 0
8496 1
8497 0
8498 2
8499 1
8500 3
8501 0
8502 1
8503 2
8504 0
8505 1
8506 0
8507 2
8508 1
8509 0
8510 2
8511 1
8512 2
8513 0
8514 2
8515 3
8516 1
8517 0
8518 1
8519 0
8520 3
8521 1
8522 0
8523 1
8524 0
8525 2
8526 1
8527 2
8528 0
8529 1
8530 0
8531 1
8532 2
8533 3
8534 1
8535 0
8536 2
8537 0
8538 1
8539 2
8540 0
8541 2
8542 1
8543 2
8544 1
8545 0
8546 3
8547 2
8548 3
8549 4
8550 2
8551 1
8552 2
8553 1
8554 3
8555 2
8556 1
8557 0
8558 2
8559 1
8560 2
8561 0
8562 1
8563 0
8564 1
8565 0
8566 3
8567 0
8568 2
8569 0
8570 2
8571 0
8572 1
8573 2
8574 0
8575 1
8576 2
8577 0
8578 1
8579 2
8580 0
8581 2
8582 0
8583 2
8584 0
8585 1
8586 2
8587 1
8588 2
8589 0
8590 2
8591 1
8592 2
8593 1
8594 3
8595 1
8596 2
8597 1
8598 2
8599 1
8600 0
8601 1
8602 0
8603 1
8604 0
8605 1
8606 0
8607 1
8608 3
8609 2
8610 3
8611 2
8612 0
8613 1
8614 2
8615 0
8616 2
8617 0
8618 2
8619 1
8620 0
8621 2
8622 1
8623 3
8624 1
8625 0
8626 2
8627 0
8628 2
8629 0
8630 1
8631 0
8632 2
8633 1
8634 2
8635 0
8636 2
8637 0
8638 1
8639 2
8640 3
8641 1
8642 0
8643 1
8644 0
8645 3
8646 2
8647 0
8648 1
8649 2
8650 0
8651 1
8652 0
8653 1
8654 2
8655 1
8656 2
8657 1
8658 2
8659 0
8660 1
8661 2
8662 0
8663 1
8664 2
8665 1
8666 0
8667 2
8668 1
8669 0
8670 2
8671 0
8672 2
8673 1
8674 0
8675 3
8676 1
8677 3
8678 0
8679 1
8680 2
8681 0
8682 1
8683 0
8684 2
8685 1
8686 0
8687 1
8688 2
8689 0
8690 2
8691 1
8692 2
8693 0
8694 1
8695 2
8696 0
8697 1
8698 0
8699 1
8700 2
8701 0
8702 1
8703 3
8704 2
8705 1
8706 0
8707 1
8708 2
8709 1
8710 2
8711 1
8712 0
8713 3
8714 1
8715 0
8716 2
8717 1
8718 2
8719 1
8720 2
8721 0
8722 1
8723 2
8724 3
8725 1
8726 0
8727 2
8728 1
8729 0
8730 1
8731 0
8732 2
8733 0
8734 1
8735 0
8736 1
8737 0
8738 1
8739 2
8740 0
8741 1
8742 0
8743 2
8744 3
8745 1
8746 2
8747 0
8748 2
8749 1
8750 2
8751 0
8752 2
8753 0
8754 1
8755 3
8756 0
8757 2
8758 1
8759 0
8760 1
8761 0
8762 1
8763 2
8764 1
8765 2
8766 3
8767 0
8768 2
8769 0
8770 1
8771 2
8772 3
8773 0
8774 2
8775 1
8776 0
8777 1
8778 0
8779 1
8780 0
8781 2
8782 1
8783 0
8784 1
8785 0
8786 2
8787 1
8788 3
8789 2
8790 0
8791 1
8792 2
8793 1
8794 3
8795 2
8796 1
8797 2
8798 0
8799 2
8800 0
8801 1
8802 0
8803 2
8804 0
8805 1
8806 0
8807 1
8808 2
8809 3
8810 0
8811 1
8812 3
8813 1
8814 0
8815 2
8816 1
8817 2
8818 3
8819 1
8820 0
8821 1
8822 0
8823 1
8824 0
8825 1
8826 2
8827 0
8828 1
8829 0
8830 1
8831 0
8832 1
8833 0
8834 1
8835 0
8836 1
8837 2
8838 0
8839 2
8840 1
8841 0
8842 2
8843 1
8844 0
8845 1
8846 2
8847 0
8848 2
8849 0
8850 1
8851 2
8852 1
8853 0
8854 2
8855 1
8856 0
8857 2
8858 0
8859 2
8860 1
8861 2
8862 1
8863 2
8864 1
8865 0
8866 1
8867 3
8868 2
8869 1
8870 2
8871 0
8872 1
8873 2
8874 0
8875 2
8876 0
8877 1
8878 0
8879 1
8880 2
8881 1
8882 2
8883 0
8884 1
8885 0
8886 1
8887 2
8888 0
8889 2
8890 1
8891 2
8892 0
8893 1
8894 0
8895 2
8896 3
8897 0
8898 2
8899 1
8900 2
8901 1
8902 0
8903 2
8904 1
8905 2
8906 1
8907 0
8908 2
8909 1
8910 0
8911 1
8912 0
8913 1
8914 2
8915 0
8916 1
8917 0
8918 2
8919 1
8920 0
8921 3
8922 2
8923 0
8924 1
8925 2
8926 0
8927 2
8928 0
8929 1
8930 0
8931 1
8932 2
8933 1
8934 0
8935 2
8936 1
8937 2
8938 1
8939 3
8940 2
8941 1
8942 0
8943 3
8944 2
8945 1
8946 2
8947 0
8948 1
8949 2
8950 0
8951 1
8952 0
8953 2
8954 1
8955 2
8956 3
8957 0
8958 1
8959 0
8960 1
8961 3
8962 0
8963 2
8964 0
8965 1
8966 3
8967 0
8968 2
8969 1
8970 2
8971 0
8972 1
8973 2
8974 0
8975 1
8976 2
8977 0
8978 1
8979 2
8980 1
8981 0
8982 1
8983 0
8984 2
8985 0
8986 1
8987 2
8988 1
8989 0
8990 3
8991 0
8992 2
8993 0
8994 3
8995 0
8996 1
8997 0
8998 2
8999 1
9000 0
9001 1
9002 2
9003 0
9004 2
9005 1
9006 3
9007 1
9008 0
9009 2
9010 1
9011 2
9012 1
9013 2
9014 0
9015 2
9016 1
9017 2
9018 0
9019 2
9020 0
9021 2
9022 0
9023 1
9024 2
9025 1
9026 2
9027 0
9028 3
9029 2
9030 3
9031 1
9032 2
9033 0
9034 2
9035 0
9036 2
9037 1
9038 0
9039 1
9040 0
9041 2
9042 1
9043 2
9044 1
9045 0
9046 1
9047 2
9048 0
9049 2
9050 0
9051 1
9052 0
9053 1
9054 2
9055 0
9056 1
9057 0
9058 2
9059 3
9060 1
9061 2
9062 0
9063 2
9064 0
9065 2
9066 0
9067 1
9068 0
9069 1
9070 2
9071 0
9072 1
9073 2
9074 0
9075 1
9076 0
9077 1
9078 2
9079 0
9080 1
9081 2
9082 0
9083 2
9084 1
9085 0
9086 1
9087 0
9088 1
9089 0
9090 2
9091 1
9092 0
9093 1
9094 0
9095 2
9096 3
9097 0
9098 2
9099 1
9100 0
9101 1
9102 2
9103 1
9104 0
9105 1
9106 0
9107 1
9108 2
9109 0
9110 2
9111 1
9112 0
9113 2
9114 0
9115 1
9116 0
9117 1
9118 0
9119 1
9120 0
9121 3
9122 0
9123 1
9124 3
9125 1
9126 0
9127 1
9128 2
9129 1
9130 0
9131 1
9132 3
9133 0
9134 3
9135 0
9136 1
9137 2
9138 0
9139 1
9140 0
9141 1
9142 0
9143 1
9144 0
9145 1
9146 2
9147 1
9148 0
9149 3
9150 2
9151 0
9152 1
9153 2
9154 0
9155 1
9156 0
9157 1
9158 0
9159 1
9160 2
9161 3
9162 0
9163 2
9164 0
9165 2
9166 0
9167 1
9168 0
9169 1
9170 0
9171 2
9172 1
9173 2
9174 0
9175 2
9176 1
9177 0
9178 1
9179 0
9180 2
9181 1
9182 0
9183 1
9184 2
9185 0
9186 1
9187 0
9188 1
9189 2
9190 1
9191 2
9192 0
9193 2
9194 1
9195 0
9196 1
9197 2
9198 0
9199 1
9200 0
9201 2
9202 1
9203 0
9204 2
9205 3
9206 1
9207 0
9208 1
9209 0
9210 2
9211 1
9212 2
9213 1
9214 2
9215 0
9216 2
9217 1
9218 0
9219 1
9220 0
9221 2
9222 1
9223 0
9224 1
9225 0
9226 2
9227 0
9228 2
9229 1
9230 2
9231 0
9232 2
9233 1
9234 0
9235 1
9236 2
9237 0
9238 2
9239 1
9240 3
9241 0
9242 2
9243 0
9244 2
9245 1
9246 0
9247 1
9248 0
9249 2
9250 1
9251 2
9252 0
9253 2
9254 1
9255 0
9256 2
9257 1
9258 0
9259 1
9260 2
9261 3
9262 0
9263 1
9264 0
9265 1
9266 0
9267 1
9268 0
9269 1
9270 2
9271 1
9272 2
9273 0
9274 1
9275 2
9276 3
9277 0
9278 1
9279 0
9280 2
9281 1
9282 2
9283 0
9284 2
9285 1
9286 0
9287 2
9288 1
9289 0
9290 1
9291 2
9292 0
9293 2
9294 0
9295 2
9296 0
9297 1
9298 2
9299 0
9300 1
9301 2
9302 1
9303 0
9304 1
9305 0
9306 2
9307 1
9308 0
9309 1
9310 2
9311 0
9312 1
9313 0
9314 1
9315 3
9316 0
9317 1
9318 3
9319 1
9320 2
9321 0
9322 3
9323 1
9324 2
9325 0
9326 2
9327 0
9328 1
9329 0
9330 1
9331 0
9332 1
9333 3
9334 2
9335 0
9336 2
9337 1
9338 2
9339 3
9340 1
9341 0
9342 1
9343 2
9344 3
9345 0
9346 2
9347 1
9348 0
9349 2
9350 1
9351 0
9352 1
9353 0
9354 1
9355 3
9356 1
9357 0
9358 3
9359 2
9360 1
9361 2
9362 0
9363 2
9364 1
9365 0
9366 2
9367 0
9368 1
9369 3
9370 2
9371 0
9372 1
9373 0
9374 2
9375 0
9376 2
9377 1
9378 2
9379 3
9380 1
9381 0
9382 1
9383 0
9384 3
9385 2
9386 1
9387 2
9388 0
9389 1
9390 0
9391 1
9392 3
9393 2
9394 0
9395 1
9396 0
9397 1
9398 2
9399 1
9400 2
9401 1
9402 0
9403 3
9404 2
9405 0
9406 3
9407 1
9408 2
9409 1
9410 2
9411 0
9412 2
9413 1
9414 0
9415 1
9416 0
9417 2
9418 0
9419 2
9420 1
9421 2
9422 3
9423 1
9424 3
9425 0
9426 3
9427 2
9428 1
9429 2
9430 0
9431 2
9432 1
9433 0
9434 1
9435 0
9436 1
9437 2
9438 0
9439 2
9440 1
9441 2
9442 0
9443 1
9444 2
9445 0
9446 2
9447 0
9448 1
9449 0
9450 2
9451 3
9452 1
9453 2
9454 1
9455 0
9456 1
9457 2
9458 0
9459 1
9460 0
9461 1
9462 2
9463 0
9464 1
9465 2
9466 0
9467 1
9468 0
9469 2
9470 1
9471 3
9472 2
9473 0
9474 1
9475 2
9476 3
9477 1
9478 0
9479 2
9480 0
9481 2
9482 0
9483 1
9484 0
9485 2
9486 1
9487 0
9488 2
9489 3
9490 1
9491 2
9492 1
9493 0
9494 1
9495 2
9496 0
9497 1
9498 0
9499 2
9500 0
9501 2
9502 1
9503 0
9504 2
9505 1
9506 0
9507 1
9508 2
9509 3
9510 1
9511 2
9512 0
9513 3
9514 1
9515 2
9516 0
9517 1
9518 0
9519 1
9520 3
9521 0
9522 2
9523 1
9524 0
9525 1
9526 2
9527 3
9528 0
9529 2
9530 3
9531 1
9532 2
9533 3
9534 0
9535 2
9536 0
9537 2
9538 1
9539 2
9540 0
9541 2
9542 3
9543 0
9544 2
9545 1
9546 2
9547 1
9548 0
9549 1
9550 2
9551 0
9552 1
9553 2
9554 0
9555 1
9556 2
9557 0
9558 2
9559 0
9560 1
9561 0
9562 1
9563 0
9564 1
9565 2
9566 0
9567 2
9568 3
9569 0
9570 1
9571 2
9572 0
9573 1
9574 0
9575 1
9576 0
9577 1
9578 0
9579 1
9580 0
9581 2
9582 0
9583 2
9584 0
9585 1
9586 0
9587 1
9588 2
9589 1
9590 0
9591 2
9592 1
9593 0
9594 1
9595 2
9596 0
9597 1
9598 0
9599 2
9600 1
9601 3
9602 1
9603 0
9604 1
9605 2
9606 1
9607 0
9608 2
9609 1
9610 0
9611 2
9612 0
9613 1
9614 0
9615 1
9616 2
9617 0
9618 1
9619 2
9620 3
9621 2
9622 1
9623 2
9624 3
9625 1
9626 0
9627 2
9628 1
9629 3
9630 0
9631 1
9632 3
9633 0
9634 2
9635 3
9636 1
9637 2
9638 1
9639 0
9640 1
9641 0
9642 1
9643 0
9644 1
9645 0
9646 1
9647 2
9648 1
9649 0
9650 2
9651 0
9652 1
9653 2
9654 1
9655 2
9656 0
9657 2
9658 0
9659 1
9660 2
9661 0
9662 1
9663 0
9664 2
9665 1
9666 2
9667 3
9668 2
9669 1
9670 0
9671 1
9672 0
9673 2
9674 1
9675 0
9676 3
9677 0
9678 2
9679 3
9680 1
9681 2
9682 1
9683 2
9684 1
9685 0
9686 1
9687 2
9688 1
9689 2
9690 0
9691 1
9692 0
9693 1
9694 2
9695 1
9696 0
9697 3
9698 2
9699 1
9700 2
9701 0
9702 1
9703 2
9704 1
9705 3
9706 0
9707 3
9708 2
9709 0
9710 2
9711 1
9712 2
9713 0
9714 1
9715 2
9716 0
9717 1
9718 2
9719 0
9720 2
9721 1
9722 0
9723 2
9724 0
9725 3
9726 2
9727 1
9728 2
9729 1
9730 0
9731 2
9732 1
9733 2
9734 1
9735 2
9736 1
9737 2
9738 0
9739 2
9740 1
9741 0
9742 2
9743 1
9744 3
9745 0
9746 1
9747 0
9748 2
9749 1
9750 2
9751 0
9752 1
9753 0
9754 2
9755 0
9756 2
9757 1
9758 0
9759 1
9760 2
9761 1
9762 0
9763 2
9764 1
9765 0
9766 2
9767 3
9768 1
9769 0
9770 1
9771 2
9772 1
9773 0
9774 3
9775 2
9776 0
9777 1
9778 2
9779 1
9780 2
9781 0
9782 1
9783 0
9784 1
9785 0
9786 1
9787 2
9788 0
9789 1
9790 2
9791 1
9792 0
9793 1
9794 0
9795 1
9796 2
9797 3
9798 1
9799 0
9800 1
9801 2
9802 0
9803 2
9804 1
9805 0
9806 1
9807 3
9808 0
9809 1
9810 0
9811 1
9812 2
9813 0
9814 1
9815 2
9816 1
9817 0
9818 1
9819 0
9820 2
9821 3
9822 1
9823 0
9824 2
9825 0
9826 1
9827 0
9828 2
9829 0
9830 1
9831 0
9832 1
9833 2
9834 0
9835 2
9836 0
9837 2
9838 0
9839 2
9840 1
9841 2
9842 1
9843 0
9844 1
9845 2
9846 1
9847 2
9848 1
9849 2
9850 1
9851 0
9852 2
9853 1
9854 0
9855 2
9856 0
9857 1
9858 2
9859 1
9860 2
9861 0
9862 2
9863 0
9864 1
9865 0
9866 1
9867 2
9868 0
9869 2
9870 1
9871 2
9872 1
9873 3
9874 1
9875 2
9876 0
9877 2
9878 3
9879 0
9880 2
9881 3
9882 0
9883 1
9884 0
9885 1
9886 2
9887 0
9888 2
9889 3
9890 1
9891 0
9892 3
9893 1
9894 2
9895 0
9896 2
9897 0
9898 1
9899 3
9900 0
9901 2
9902 0
9903 3
9904 0
9905 1
9906 2
9907 1
9908 0
9909 1
9910 2
9911 3
9912 2
9913 1
9914 2
9915 0
9916 1
9917 2
9918 0
9919 2
9920 0
9921 1
9922 2
9923 1
9924 0
9925 1
9926 0
9927 2
9928 0
9929 2
9930 3
9931 0
9932 1
9933 0
9934 2
9935 0
9936 2
9937 1
9938 0
9939 1
9940 0
9941 2
9942 3
9943 1
9944 2
9945 0
9946 2
9947 3
9948 0
9949 3
9950 0
9951 1
9952 2
9953 0
9954 1
9955 2
9956 1
9957 2
9958 0
9959 2
9960 0
9961 1
9962 0
9963 1
9964 0
9965 2
9966 3
9967 1
9968 2
9969 3
9970 1
9971 0
9972 1
9973 2
9974 1
9975 2
9976 0
9977 2
9978 1
9979 2
9980 1
9981 0
9982 1
9983 0
9984 1
9985 0
9986 1
9987 2
9988 1
9989 0
9990 1
9991 2
9992 3
9993 0
9994 1
9995 0
9996 2
9997 0
9998 1
9999 2
Colors used: 5
Valid: true
Execution time: 2.545300 ms
